[8, 7, 9, 13]
[4, 8, 8, 5]
[12, 9, 11, 16]
[5, 7, 7, 6]
[21, 14, 16, 20]
[4, 5, 6, 6]
[10, 9, 7, 13]
[12, 20, 19, 14]
[10, 6, 6, 7]
[17, 13, 20, 16]
[7, 11, 12, 10]
[10, 8, 14, 9]
[10, 8, 11, 7]
[16, 17, 22, 15]
[11, 10, 12, 5]
[15, 13, 7, 9]
[7, 7, 6, 4]
[15, 21, 18, 20]
[5, 8, 7, 8]
[16, 9, 14, 12]
[13, 16, 17, 17]
[3, 3, 2, 2]
[12, 19, 13, 10]
[15, 11, 13, 16]
[7, 3, 6, 6]
[7, 8, 5, 8]
[12, 9, 8, 13]
[7, 6, 7, 4]
[11, 7, 9, 8]
[13, 15, 12, 19]
[7, 8, 16, 9]
[10, 7, 6, 6]
[9, 9, 15, 7]
[9, 17, 10, 12]
[15, 7, 12, 13]
[9, 9, 11, 5]
[6, 8, 10, 11]
[12, 15, 14, 10]
[13, 7, 12, 11]
[10, 11, 16, 13]
[8, 6, 5, 4]
[6, 8, 8, 13]
[14, 19, 22, 13]
[9, 8, 7, 5]
[9, 13, 10, 6]
[9, 6, 10, 11]
[9, 12, 8, 14]
[12, 19, 14, 15]
[5, 5, 6, 4]
[6, 7, 10, 6]
[9, 10, 11, 16]
[16, 12, 17, 18]
[13, 18, 19, 22]
[6, 3, 7, 6]
[6, 6, 11, 7]
[16, 11, 18, 15]
[10, 12, 11, 5]
[5, 4, 4, 6]
[13, 20, 17, 16]
[11, 18, 16, 15]
[8, 6, 11, 9]
[10, 6, 8, 11]
[9, 6, 11, 8]
[5, 3, 5, 5]
[9, 11, 6, 8]
[10, 7, 11, 8]
[7, 10, 9, 13]
[8, 9, 12, 14]
[7, 7, 5, 4]
[12, 9, 11, 12]
[14, 8, 10, 15]
[6, 5, 4, 6]
[6, 10, 8, 11]
[12, 9, 13, 13]
[15, 14, 11, 9]
[11, 8, 6, 10]
[8, 8, 5, 4]
[10, 11, 11, 8]
[10, 12, 16, 15]
[32, 24, 19, 25]
[19, 24, 16, 17]
[10, 12, 13, 15]
[9, 6, 7, 8]
[10, 17, 9, 22]
[10, 16, 17, 11]
[11, 7, 13, 12]
[15, 12, 14, 10]
[9, 8, 9, 12]
[5, 5, 3, 5]
[7, 12, 11, 10]
[6, 10, 9, 11]
[7, 7, 9, 5]
[10, 13, 12, 15]
[11, 7, 12, 10]
[9, 9, 6, 4]
[9, 7, 7, 5]
[2, 3, 3, 2]
[13, 7, 11, 12]
[4, 4, 5, 6]
[12, 10, 11, 5]
[19, 12, 14, 15]
[14, 9, 10, 8]
[7, 6, 9, 8]
[12, 13, 7, 11]
[14, 19, 13, 24]
[19, 26, 32, 18]
[9, 7, 11, 13]
[17, 11, 16, 9]
[12, 13, 11, 8]
[3, 2, 3, 2]
[8, 10, 15, 14]
[18, 8, 13, 14]
[12, 15, 13, 9]
[6, 4, 5, 6]
[6, 8, 7, 14]
[8, 9, 8, 5]
[16, 13, 20, 17]
[12, 11, 10, 5]
[15, 12, 8, 13]
[11, 14, 10, 17]
[9, 13, 18, 12]
[9, 11, 12, 15]
[12, 10, 6, 9]
[10, 16, 11, 13]
[9, 10, 17, 12]
[18, 23, 17, 15]
[15, 18, 23, 17]
[7, 8, 9, 5]
[5, 10, 6, 8]
[8, 13, 12, 10]
[15, 12, 11, 21]
[6, 7, 11, 6]
[16, 12, 10, 9]
[6, 9, 7, 5]
[8, 6, 8, 13]
[4, 7, 7, 5]
[8, 10, 11, 7]
[7, 13, 12, 11]
[10, 6, 7, 10]
[14, 11, 15, 9]
[7, 6, 3, 6]
[11, 16, 10, 14]
[13, 11, 7, 8]
[12, 9, 11, 15]
[9, 8, 11, 7]
[4, 5, 4, 6]
[7, 16, 8, 11]
[17, 22, 16, 15]
[10, 15, 8, 9]
[8, 11, 9, 12]
[7, 11, 6, 6]
[11, 12, 13, 8]
[6, 5, 5, 4]
[12, 8, 11, 6]
[8, 9, 13, 15]
[11, 12, 13, 17]
[17, 12, 16, 15]
[12, 15, 13, 19]
[13, 11, 7, 12]
[7, 6, 11, 6]
[19, 14, 22, 13]
[10, 11, 7, 8]
[9, 7, 11, 8]
[11, 16, 23, 14]
[4, 6, 5, 6]
[11, 14, 15, 9]
[12, 10, 16, 9]
[10, 12, 13, 14]
[15, 17, 22, 16]
[10, 11, 16, 14]
[19, 22, 14, 13]
[14, 12, 15, 10]
[22, 27, 12, 16]
[11, 9, 9, 5]
[13, 19, 16, 17]
[11, 10, 7, 8]
[11, 10, 16, 14]
[13, 18, 8, 14]
[11, 10, 16, 13]
[13, 22, 19, 14]
[19, 22, 13, 14]
[13, 8, 11, 17]
[8, 16, 7, 9]
[8, 7, 5, 8]
[6, 10, 7, 10]
[7, 9, 6, 8]
[9, 10, 7, 13]
[16, 11, 10, 14]
[27, 25, 20, 26]
[3, 5, 5, 5]
[16, 10, 11, 14]
[18, 15, 23, 17]
[10, 14, 17, 11]
[12, 11, 9, 12]
[8, 5, 8, 4]
[7, 5, 7, 4]
[19, 16, 15, 9]
[13, 10, 9, 6]
[8, 7, 13, 14]
[13, 9, 12, 13]
[11, 5, 9, 7]
[15, 13, 8, 12]
[17, 8, 10, 11]
[11, 15, 20, 16]
[11, 8, 6, 5]
[9, 10, 7, 9]
[13, 12, 10, 15]
[7, 16, 13, 12]
[13, 17, 20, 16]
[13, 12, 7, 11]
[15, 17, 14, 9]
[21, 9, 19, 13]
[8, 9, 11, 12]
[17, 10, 9, 21]
[7, 5, 7, 6]
[11, 13, 14, 18]
[9, 11, 8, 7]
[10, 9, 17, 21]
[11, 19, 9, 16]
[9, 14, 8, 11]
[7, 13, 11, 12]
[6, 4, 7, 9]
[17, 9, 16, 11]
[9, 15, 14, 8]
[13, 11, 12, 17]
[14, 10, 9, 8]
[11, 8, 12, 6]
[8, 14, 10, 15]
[17, 9, 11, 19]
[9, 16, 12, 10]
[11, 7, 10, 8]
[9, 7, 8, 4]
[9, 8, 8, 5]
[8, 7, 12, 9]
[7, 6, 10, 10]
[16, 9, 11, 15]
[10, 15, 8, 14]
[14, 11, 17, 10]
[10, 9, 6, 11]
[9, 15, 8, 10]
[27, 24, 21, 35]
[3, 6, 7, 6]
[16, 10, 15, 9]
[11, 13, 7, 12]
[8, 4, 8, 5]
[11, 12, 17, 26]
[16, 13, 7, 11]
[16, 10, 9, 15]
[12, 8, 13, 10]
[7, 11, 9, 13]
[27, 20, 25, 26]
[17, 16, 22, 15]
[9, 9, 8, 12]
[12, 19, 20, 14]
[1, 1, 2, 2]
[10, 6, 9, 11]
[27, 12, 22, 16]
[11, 10, 8, 7]
[9, 8, 11, 12]
[13, 8, 9, 12]
[8, 15, 9, 13]
[11, 8, 9, 12]
[7, 8, 13, 14]
[2, 1, 1, 2]
[12, 11, 13, 8]
[6, 8, 11, 10]
[14, 12, 11, 19]
[14, 11, 12, 9]
[7, 9, 12, 10]
[12, 13, 9, 7]
[9, 10, 6, 11]
[10, 9, 14, 8]
[11, 12, 9, 15]
[9, 8, 12, 13]
[1, 2, 1, 2]
[7, 11, 10, 8]
[14, 10, 8, 9]
[6, 7, 9, 8]
[6, 12, 11, 8]
[6, 13, 11, 7]
[5, 6, 5, 4]
[13, 12, 9, 13]
[7, 10, 11, 8]
[6, 6, 10, 7]
[7, 7, 5, 6]
[6, 9, 10, 11]
[3, 4, 5, 4]
[17, 16, 12, 18]
[6, 11, 7, 9]
[9, 8, 7, 13]
[9, 13, 15, 19]
[9, 5, 7, 6]
[6, 9, 9, 8]
[10, 8, 6, 11]
[8, 11, 9, 7]
[8, 9, 7, 5]
[11, 9, 8, 12]
[9, 17, 11, 11]
[6, 6, 3, 7]
[11, 6, 7, 6]
[14, 13, 11, 18]
[13, 20, 18, 24]
[17, 16, 12, 15]
[10, 15, 9, 16]
[11, 12, 9, 12]
[7, 12, 13, 11]
[17, 13, 15, 10]
[12, 13, 7, 9]
[6, 5, 10, 8]
[19, 9, 13, 16]
[21, 16, 14, 20]
[10, 9, 11, 16]
[10, 13, 12, 14]
[9, 8, 15, 10]
[8, 12, 13, 10]
[30, 35, 25, 21]
[9, 13, 12, 7]
[6, 10, 6, 7]
[9, 11, 15, 16]
[11, 10, 9, 16]
[7, 6, 10, 6]
[27, 22, 16, 12]
[20, 14, 9, 12]
[16, 12, 9, 10]
[8, 14, 10, 9]
[10, 7, 9, 13]
[8, 8, 4, 5]
[8, 9, 12, 13]
[9, 14, 8, 7]
[9, 15, 16, 10]
[19, 9, 13, 15]
[9, 11, 7, 8]
[12, 7, 8, 9]
[8, 5, 8, 11]
[12, 11, 9, 15]
[19, 11, 12, 16]
[7, 13, 15, 9]
[8, 9, 11, 7]
[12, 15, 9, 7]
[6, 10, 7, 6]
[7, 10, 6, 10]
[12, 17, 16, 17]
[5, 6, 3, 7]
[11, 9, 7, 8]
[10, 6, 7, 6]
[16, 10, 12, 15]
[4, 5, 3, 4]
[7, 9, 7, 13]
[21, 25, 15, 14]
[5, 4, 6, 6]
[8, 7, 9, 5]
[5, 7, 8, 8]
[47, 33, 21, 32]
[11, 6, 8, 13]
[10, 5, 6, 8]
[8, 11, 10, 7]
[13, 9, 8, 12]
[12, 15, 13, 23]
[4, 3, 5, 4]
[8, 16, 9, 7]
[13, 11, 8, 7]
[8, 9, 9, 12]
[22, 16, 15, 17]
[7, 13, 11, 8]
[19, 21, 14, 17]
[3, 6, 6, 7]
[6, 8, 11, 13]
[7, 6, 9, 14]
[11, 9, 10, 16]
[15, 8, 12, 13]
[14, 21, 19, 17]
[9, 13, 8, 12]
[17, 22, 24, 21]
[14, 7, 12, 10]
[14, 16, 21, 20]
[31, 25, 26, 47]
[10, 15, 9, 8]
[12, 14, 15, 10]
[10, 13, 17, 12]
[17, 10, 16, 11]
[11, 15, 8, 9]
[9, 19, 13, 16]
[11, 6, 6, 7]
[5, 8, 8, 4]
[26, 25, 31, 47]
[14, 12, 19, 15]
[9, 20, 15, 20]
[10, 11, 8, 7]
[7, 5, 6, 8]
[14, 9, 8, 7]
[14, 11, 13, 18]
[14, 8, 10, 9]
[17, 20, 13, 16]
[15, 14, 12, 10]
[11, 9, 12, 12]
[11, 13, 7, 6]
[10, 11, 9, 16]
[8, 8, 9, 5]
[19, 11, 9, 17]
[16, 9, 15, 7]
