[9, 9, 1]
[8, 7, 1]
[7, 5, 1]
[5, 4, 1]
[3, 3, 1]
[3, 4, 2]
[2, 3, 2]
[2, 4, 3]
[1, 3, 3]
[1, 5, 4]
[1, 6, 6]
[1, 8, 7]
[1, 9, 9]
[1, 7, 8]
[1, 7, 5]
[1, 4, 5]
[1, 5, 7]
[6, 3, 1]
[5, 2, 1]
[6, 3, 2]
[4, 3, 2]
[3, 2, 2]
[2, 2, 3]
[2, 3, 4]
[2, 3, 6]
[2, 5, 8]
[1, 3, 6]
[1, 2, 5]
[3, 4, 12]
[12, 4, 3]
[12, 3, 4]
[6, 2, 3]
[4, 2, 3]
[3, 2, 4]
[3, 2, 6]
[4, 3, 12]
[5, 1, 2]
[8, 2, 5]
[3, 1, 3]
[5, 2, 8]
[2, 1, 5]
[6, 1, 3]
[7, 1, 5]
[8, 1, 7]
[9, 1, 9]
[7, 1, 8]
[6, 1, 6]
[5, 1, 7]
[5, 1, 4]
[4, 1, 5]
[3, 1, 6]
[8, 5, 2]
[6, 6, 1]
[4, 5, 1]
[5, 8, 2]
[3, 6, 2]
[2, 6, 3]
[2, 8, 5]
[1, 5, 2]
[1, 6, 3]
[7, 8, 1]
[5, 7, 1]
[3, 6, 1]
[2, 5, 1]
[4, 12, 3]
[3, 12, 4]
