[13, 7, 6]
[10, 7, 4]
[10, 6, 5]
[6, 8, 9]
[3, 6, 5]
[7, 5, 4]
[8, 6, 9]
[6, 7, 13]
[6, 3, 5]
[8, 5, 11]
[6, 9, 8]
[6, 5, 10]
[8, 9, 6]
[7, 6, 13]
[11, 13, 7]
[7, 13, 6]
[9, 6, 8]
[4, 5, 7]
[7, 4, 5]
[6, 10, 5]
[3, 5, 6]
[6, 13, 7]
[5, 4, 7]
[5, 7, 4]
[9, 8, 6]
[5, 6, 10]
[7, 4, 10]
[5, 6, 3]
[13, 6, 7]
[5, 7, 9]
[10, 5, 6]
[7, 5, 9]
[5, 10, 6]
[6, 5, 3]
[7, 9, 5]
[13, 11, 7]
[4, 7, 5]
[17, 10, 16]
[11, 8, 5]
[16, 10, 17]
[13, 7, 11]
[9, 7, 5]
[5, 11, 8]
[5, 9, 7]
[5, 3, 6]
[7, 11, 13]
[16, 17, 10]
[9, 5, 7]
[11, 4, 9]
[14, 6, 15]
[17, 16, 10]
[10, 17, 16]
[11, 7, 13]
[15, 14, 6]
[7, 5, 11]
[7, 11, 5]
[5, 11, 7]
[4, 7, 10]
[11, 9, 4]
[7, 10, 4]
[9, 11, 4]
[11, 5, 8]
[9, 15, 7]
[11, 5, 7]
[4, 11, 9]
[6, 15, 14]
[7, 13, 11]
[15, 9, 7]
[5, 8, 11]
[10, 16, 17]
[5, 7, 11]
[6, 14, 15]
[10, 4, 7]
[8, 11, 5]
[15, 7, 9]
[11, 7, 5]
[7, 15, 9]
[6, 9, 8]
[7, 5, 4]
[8, 9, 6]
[8, 6, 9]
[6, 8, 9]
[9, 6, 8]
[5, 4, 7]
[4, 5, 7]
[7, 13, 6]
[9, 8, 6]
[7, 4, 5]
[4, 7, 5]
[6, 5, 10]
[5, 7, 4]
[5, 7, 4]
[10, 5, 6]
[13, 6, 7]
[9, 8, 6]
[4, 5, 7]
[9, 11, 4]
[10, 7, 4]
[6, 9, 8]
[14, 12, 5]
[15, 6, 14]
[7, 17, 9]
[8, 5, 3]
[5, 12, 14]
[12, 5, 14]
[14, 15, 6]
[21, 11, 9]
[7, 13, 5]
[3, 8, 5]
[2, 6, 3]
[3, 8, 9]
[7, 5, 13]
[4, 10, 7]
[9, 4, 11]
[9, 7, 17]
[7, 9, 15]
[11, 5, 3]
[11, 6, 20]
[5, 12, 16]
[15, 14, 4]
[12, 5, 4]
[12, 3, 10]
[4, 9, 11]
[14, 4, 15]
[5, 4, 14]
[5, 14, 12]
[4, 14, 15]
[4, 15, 14]
[5, 8, 3]
[20, 8, 5]
[7, 13, 4]
[13, 6, 5]
[17, 7, 9]
[12, 14, 5]
[8, 3, 12]
[9, 3, 8]
[4, 14, 11]
[6, 11, 20]
[7, 5, 16]
[6, 3, 2]
[6, 2, 3]
[8, 9, 3]
[13, 4, 7]
[4, 5, 12]
[7, 19, 9]
[3, 9, 8]
[18, 9, 5]
[9, 5, 15]
[5, 13, 17]
[5, 18, 11]
[4, 12, 5]
[6, 20, 11]
[8, 3, 9]
[3, 2, 6]
[9, 7, 15]
[12, 3, 8]
[20, 6, 11]
[11, 14, 4]
[11, 5, 18]
[24, 6, 7]
[7, 18, 5]
[3, 5, 8]
[5, 13, 7]
[5, 3, 11]
[12, 16, 5]
[7, 9, 17]
[8, 3, 5]
[3, 12, 10]
[11, 4, 14]
[13, 7, 5]
[9, 8, 3]
[14, 5, 12]
[11, 7, 3]
[5, 12, 4]
[20, 5, 8]
[9, 17, 7]
[18, 11, 5]
[13, 4, 9]
[6, 19, 5]
[11, 21, 9]
[3, 7, 11]
[13, 5, 7]
[5, 3, 8]
[5, 13, 6]
[10, 3, 12]
[2, 3, 6]
[9, 4, 13]
[14, 15, 4]
[5, 15, 9]
[7, 3, 11]
[13, 5, 6]
[14, 5, 4]
[4, 5, 14]
[6, 5, 13]
[5, 17, 13]
[12, 5, 16]
[16, 5, 7]
[19, 6, 5]
[17, 9, 7]
[11, 8, 23]
