[5, 7, 6, 4]
[8, 8, 6, 5]
[9, 4, 6, 13]
[19, 8, 9, 6]
[9, 7, 12, 8]
[6, 8, 4, 7]
[7, 4, 5, 8]
[11, 7, 8, 10]
[6, 10, 7, 8]
[7, 5, 4, 8]
[7, 7, 5, 3]
[5, 4, 3, 10]
[3, 9, 5, 7]
[8, 5, 11, 7]
[4, 6, 7, 8]
[5, 10, 7, 6]
[7, 8, 12, 9]
[8, 4, 5, 7]
[5, 12, 11, 9]
[4, 8, 11, 5]
[10, 3, 4, 5]
[7, 4, 6, 8]
[7, 22, 9, 6]
[5, 6, 7, 10]
[2, 7, 5, 5]
[9, 8, 13, 11]
[7, 4, 2, 3]
[3, 4, 6, 4]
[5, 6, 11, 14]
[7, 8, 6, 10]
[5, 7, 9, 3]
[7, 10, 11, 12]
[18, 11, 7, 6]
[9, 3, 7, 12]
[4, 5, 7, 7]
[5, 8, 6, 13]
[8, 6, 8, 5]
[12, 10, 8, 11]
[7, 4, 7, 3]
[9, 10, 11, 4]
[8, 12, 10, 11]
[6, 5, 11, 14]
[11, 9, 14, 12]
[8, 9, 13, 11]
[6, 14, 5, 11]
[9, 5, 4, 13]
[7, 9, 12, 8]
[11, 7, 12, 10]
[9, 10, 27, 13]
[6, 5, 2, 6]
[8, 10, 5, 3]
[9, 8, 13, 6]
[2, 3, 3, 3]
[5, 4, 6, 7]
[6, 7, 5, 10]
[10, 11, 8, 12]
[10, 12, 8, 11]
[4, 10, 9, 11]
[21, 14, 22, 6]
[22, 21, 14, 6]
[6, 14, 11, 5]
[9, 3, 5, 7]
[7, 8, 5, 4]
[10, 7, 8, 11]
[5, 6, 14, 10]
[11, 12, 14, 9]
[11, 5, 9, 12]
[6, 4, 7, 5]
[3, 7, 2, 4]
[5, 7, 4, 5]
[14, 4, 13, 15]
[6, 6, 3, 2]
[4, 7, 8, 5]
[5, 7, 13, 9]
[5, 6, 13, 15]
[7, 11, 5, 17]
[14, 11, 4, 5]
[3, 2, 3, 3]
[3, 4, 5, 3]
[7, 10, 10, 9]
[7, 8, 8, 5]
[9, 3, 7, 4]
[8, 5, 7, 4]
[4, 7, 5, 5]
[13, 6, 4, 9]
[15, 14, 16, 11]
[8, 11, 7, 10]
[5, 10, 4, 7]
[9, 8, 9, 5]
[5, 4, 6, 3]
[8, 9, 12, 7]
[12, 8, 5, 9]
[8, 7, 8, 5]
[5, 9, 12, 11]
[5, 8, 7, 4]
[3, 3, 2, 3]
[8, 5, 6, 8]
[7, 12, 5, 6]
[8, 7, 12, 9]
[3, 6, 8, 5]
[5, 8, 4, 7]
[11, 14, 4, 5]
[7, 4, 10, 6]
[9, 6, 5, 4]
[7, 5, 5, 4]
[14, 4, 11, 9]
[4, 7, 8, 6]
[8, 4, 11, 5]
[10, 7, 6, 8]
[15, 16, 6, 7]
[8, 3, 7, 12]
[9, 5, 3, 7]
[10, 7, 5, 4]
[7, 11, 12, 10]
[11, 7, 10, 12]
[7, 5, 4, 6]
[13, 6, 9, 4]
[9, 8, 12, 7]
[5, 9, 7, 3]
[11, 5, 11, 4]
[5, 13, 4, 9]
[7, 5, 3, 9]
[10, 8, 6, 7]
[7, 6, 5, 4]
[7, 4, 5, 5]
[6, 8, 7, 10]
[7, 5, 4, 5]
[5, 8, 4, 11]
[5, 10, 7, 4]
[6, 12, 5, 7]
[5, 12, 8, 9]
[5, 4, 5, 7]
[7, 10, 6, 8]
[10, 6, 7, 4]
[8, 11, 5, 4]
[7, 6, 2, 8]
[2, 4, 5, 4]
[10, 6, 5, 7]
[4, 3, 6, 5]
[3, 5, 7, 3]
[12, 13, 11, 7]
[8, 6, 10, 9]
[7, 12, 6, 5]
[14, 11, 9, 4]
[7, 10, 4, 6]
[3, 4, 7, 6]
[6, 11, 5, 14]
[6, 10, 8, 7]
[5, 7, 5, 4]
[10, 8, 7, 6]
[8, 5, 8, 6]
[2, 8, 7, 4]
[5, 9, 11, 12]
[13, 9, 5, 4]
[12, 5, 9, 8]
[4, 5, 8, 11]
[7, 4, 6, 10]
[5, 7, 3, 9]
[5, 7, 4, 8]
[12, 14, 15, 10]
[11, 8, 12, 10]
[7, 8, 4, 5]
[8, 5, 6, 3]
[9, 3, 7, 5]
[6, 10, 11, 4]
[7, 11, 10, 8]
[11, 9, 5, 12]
[12, 6, 7, 5]
[9, 10, 4, 11]
[8, 7, 4, 5]
[5, 8, 6, 3]
[5, 7, 11, 14]
[2, 6, 6, 5]
[4, 8, 7, 5]
[11, 11, 4, 3]
[5, 4, 4, 2]
[10, 8, 7, 11]
[11, 9, 4, 10]
[7, 10, 5, 4]
[4, 9, 13, 5]
[4, 3, 5, 3]
[6, 13, 10, 11]
[7, 5, 6, 4]
[7, 16, 6, 15]
[12, 5, 6, 7]
[4, 3, 7, 6]
[7, 6, 8, 10]
[4, 6, 7, 5]
[5, 8, 6, 8]
[4, 7, 3, 7]
[9, 7, 5, 3]
[10, 8, 11, 12]
[4, 7, 7, 3]
[8, 7, 9, 4]
[6, 7, 5, 12]
[8, 6, 4, 7]
[4, 7, 14, 9]
[7, 4, 8, 5]
[12, 7, 11, 13]
[3, 7, 4, 7]
[3, 5, 8, 6]
[10, 11, 3, 5]
[9, 13, 4, 5]
[8, 8, 5, 6]
[7, 10, 5, 6]
[6, 5, 7, 12]
[12, 10, 15, 14]
[6, 7, 11, 18]
[6, 7, 4, 5]
[11, 14, 5, 6]
[7, 6, 4, 8]
[10, 11, 4, 9]
[3, 8, 6, 5]
[11, 10, 8, 7]
[12, 10, 11, 8]
[11, 8, 10, 12]
[7, 2, 8, 4]
[7, 5, 3, 3]
[14, 7, 5, 13]
[5, 3, 8, 6]
[5, 2, 5, 7]
[5, 11, 14, 6]
[6, 6, 2, 5]
[11, 10, 5, 3]
[4, 5, 5, 7]
[13, 9, 6, 4]
[7, 6, 11, 18]
[10, 13, 4, 11]
[8, 6, 7, 10]
[13, 4, 10, 11]
[3, 10, 5, 8]
[5, 6, 2, 6]
[4, 5, 6, 3]
[7, 12, 11, 13]
[11, 4, 13, 10]
[11, 12, 10, 8]
[3, 7, 7, 5]
[4, 6, 5, 7]
[10, 6, 11, 13]
[5, 2, 6, 6]
[4, 3, 10, 9]
[2, 6, 6, 3]
[16, 15, 7, 6]
[8, 11, 10, 7]
[10, 11, 8, 7]
[2, 5, 4, 4]
[10, 11, 6, 4]
[12, 11, 8, 10]
[9, 8, 10, 6]
[8, 11, 7, 5]
[5, 7, 3, 7]
[8, 7, 5, 11]
[12, 9, 11, 5]
[4, 10, 9, 3]
[8, 4, 7, 6]
[4, 13, 5, 9]
[7, 9, 10, 10]
[3, 5, 6, 8]
[10, 3, 9, 4]
[6, 3, 2, 6]
[8, 11, 10, 12]
[10, 9, 14, 6]
[10, 4, 7, 6]
[7, 6, 4, 5]
[6, 7, 11, 5]
[9, 8, 6, 19]
[7, 11, 8, 10]
[5, 8, 7, 14]
[8, 15, 12, 6]
[6, 4, 9, 13]
[4, 9, 3, 7]
[5, 8, 8, 6]
[10, 6, 8, 7]
[7, 8, 9, 4]
[6, 9, 5, 14]
[5, 3, 7, 7]
[9, 4, 5, 13]
[4, 5, 2, 4]
[12, 5, 9, 11]
[10, 7, 6, 18]
[6, 4, 5, 7]
[5, 9, 6, 4]
[10, 3, 4, 9]
[4, 5, 12, 9]
[25, 10, 24, 13]
[8, 7, 5, 4]
[7, 3, 9, 12]
[9, 12, 11, 5]
[5, 10, 6, 7]
[11, 8, 7, 5]
[7, 7, 3, 5]
[8, 4, 6, 7]
[11, 9, 10, 4]
[5, 5, 4, 7]
[13, 6, 5, 8]
[5, 6, 4, 9]
[12, 11, 7, 10]
[10, 11, 7, 8]
[4, 8, 7, 2]
[4, 5, 6, 7]
[7, 13, 14, 5]
[15, 6, 8, 12]
[3, 7, 9, 4]
[8, 11, 12, 10]
[6, 5, 6, 2]
[3, 8, 10, 5]
[10, 6, 4, 7]
[11, 7, 12, 13]
[8, 14, 7, 5]
[8, 5, 3, 6]
[12, 11, 9, 5]
[7, 5, 4, 10]
[4, 11, 5, 8]
[7, 5, 5, 2]
[2, 3, 6, 3]
[10, 12, 11, 8]
[6, 4, 5, 14]
[7, 11, 12, 13]
[11, 12, 22, 7]
[11, 5, 7, 7]
[4, 11, 13, 14]
[8, 7, 4, 6]
[6, 5, 14, 10]
[5, 7, 6, 12]
[13, 10, 11, 6]
[7, 4, 5, 6]
[14, 5, 13, 7]
[10, 7, 10, 9]
[7, 8, 4, 6]
[15, 6, 12, 8]
[10, 12, 7, 11]
[13, 8, 6, 5]
[15, 14, 13, 4]
[11, 8, 7, 10]
[10, 11, 6, 13]
[5, 15, 13, 6]
[6, 4, 11, 10]
[11, 7, 10, 8]
[5, 8, 12, 9]
[12, 7, 11, 10]
[12, 11, 37, 16]
[7, 7, 4, 3]
[6, 8, 2, 7]
[10, 7, 8, 6]
[10, 7, 4, 6]
[9, 5, 12, 11]
[8, 5, 4, 7]
[6, 7, 8, 10]
[15, 12, 6, 8]
[12, 8, 10, 11]
[4, 5, 4, 2]
[15, 4, 14, 13]
[6, 11, 4, 13]
[6, 7, 5, 4]
[5, 4, 7, 7]
[15, 18, 12, 7]
[11, 8, 5, 7]
[4, 8, 5, 7]
[8, 6, 5, 3]
[7, 6, 5, 10]
[11, 12, 7, 13]
[7, 5, 6, 12]
[4, 9, 15, 15]
[5, 4, 2, 4]
[6, 7, 16, 10]
[6, 10, 7, 4]
[4, 2, 5, 4]
[10, 7, 16, 6]
[5, 12, 7, 6]
[11, 13, 4, 10]
[5, 6, 4, 7]
[6, 2, 6, 5]
[6, 5, 11, 7]
[3, 3, 5, 7]
[14, 5, 6, 11]
[5, 6, 7, 12]
[5, 6, 6, 2]
[8, 6, 7, 4]
[4, 2, 4, 5]
[12, 11, 7, 13]
[7, 10, 6, 18]
[9, 3, 4, 7]
[6, 5, 3, 8]
[5, 12, 6, 7]
[7, 13, 11, 12]
[7, 8, 5, 11]
[11, 4, 14, 13]
[10, 6, 7, 5]
[8, 5, 7, 11]
[7, 9, 5, 3]
[11, 12, 10, 7]
[8, 7, 21, 12]
[6, 4, 7, 8]
[14, 11, 5, 7]
[11, 18, 6, 7]
[11, 6, 10, 4]
[3, 7, 5, 7]
[13, 6, 5, 15]
[4, 4, 2, 5]
[11, 6, 5, 14]
[10, 6, 7, 8]
[14, 5, 4, 6]
[10, 9, 11, 6]
[22, 13, 9, 7]
[7, 13, 12, 11]
[5, 7, 2, 5]
[5, 10, 3, 11]
[5, 4, 10, 8]
[12, 6, 5, 7]
[7, 6, 9, 5]
[11, 7, 7, 5]
[9, 5, 11, 12]
[7, 4, 6, 5]
[7, 11, 14, 5]
[5, 3, 4, 10]
[7, 9, 3, 4]
[5, 11, 4, 8]
[11, 10, 12, 6]
[12, 3, 7, 9]
[11, 14, 6, 5]
[6, 10, 5, 7]
[9, 5, 7, 3]
[9, 4, 5, 6]
[13, 12, 11, 7]
[5, 14, 11, 6]
[5, 7, 3, 3]
[7, 15, 6, 16]
[6, 15, 12, 8]
[6, 7, 2, 8]
[6, 12, 7, 5]
[8, 11, 5, 7]
[8, 9, 9, 5]
[12, 15, 6, 8]
[6, 13, 8, 5]
[6, 8, 8, 5]
[10, 4, 11, 13]
[3, 4, 10, 9]
[6, 5, 4, 7]
[4, 10, 6, 11]
[11, 14, 9, 4]
[11, 10, 6, 13]
[8, 7, 12, 6]
[6, 8, 5, 13]
[2, 6, 5, 6]
[9, 12, 7, 3]
[3, 2, 6, 2]
[10, 7, 6, 5]
[4, 3, 9, 5]
[8, 7, 4, 2]
[8, 12, 15, 6]
[7, 10, 8, 6]
[11, 5, 8, 7]
[11, 6, 4, 10]
[4, 9, 5, 13]
[12, 9, 5, 11]
[12, 7, 13, 11]
[10, 5, 7, 4]
[3, 12, 4, 10]
[7, 6, 8, 2]
[8, 6, 3, 5]
[5, 11, 6, 14]
[6, 7, 15, 15]
[8, 7, 6, 4]
[9, 6, 8, 24]
[8, 7, 6, 10]
[9, 7, 4, 3]
[9, 4, 10, 11]
[9, 4, 11, 10]
[7, 4, 5, 10]
[13, 7, 11, 12]
[3, 4, 10, 12]
[6, 13, 11, 10]
[6, 7, 10, 18]
[11, 10, 7, 8]
[4, 7, 3, 9]
[6, 8, 5, 8]
[6, 5, 4, 9]
[7, 5, 7, 11]
[5, 10, 3, 8]
[4, 7, 5, 8]
[8, 10, 7, 11]
[10, 13, 11, 4]
[4, 5, 13, 7]
[5, 2, 7, 5]
[5, 9, 3, 7]
[7, 8, 11, 3]
[11, 7, 5, 7]
[14, 5, 7, 8]
[6, 15, 16, 7]
[7, 3, 2, 4]
[8, 10, 7, 6]
[11, 4, 5, 8]
[12, 8, 11, 10]
[8, 10, 11, 12]
[6, 16, 7, 15]
[7, 10, 6, 5]
[5, 2, 4, 4]
[5, 7, 12, 8]
[10, 4, 6, 7]
[13, 13, 4, 7]
