[8, 5, 6, 4, 6, 3]
[5, 6, 3, 4, 6, 8]
[5, 6, 4, 4, 9, 6]
[4, 8, 3, 10, 8, 5]
[7, 7, 5, 6, 4, 5]
[6, 6, 5, 3, 4, 3]
[7, 9, 11, 14, 16, 5]
[10, 4, 7, 10, 3, 4]
[3, 3, 2, 2, 1, 2]
[3, 4, 8, 8, 3, 5]
[3, 5, 5, 8, 8, 4]
[5, 4, 12, 11, 12, 5]
[3, 9, 6, 4, 9, 3]
[2, 5, 4, 5, 5, 3]
[7, 10, 9, 4, 11, 7]
[6, 4, 8, 9, 6, 8]
[4, 6, 5, 10, 4, 9]
[11, 12, 7, 6, 4, 5]
[4, 5, 4, 3, 7, 5]
[4, 7, 5, 6, 4, 4]
[11, 15, 4, 6, 11, 9]
[5, 6, 10, 3, 6, 12]
[6, 7, 5, 8, 8, 4]
[9, 10, 5, 6, 4, 7]
[14, 8, 5, 11, 9, 6]
[7, 6, 4, 9, 7, 3]
[8, 5, 9, 11, 7, 4]
[5, 8, 7, 4, 8, 12]
[9, 6, 17, 15, 17, 7]
[2, 3, 3, 2, 2, 1]
[4, 3, 6, 6, 5, 8]
[6, 6, 3, 6, 6, 2]
[12, 9, 13, 6, 4, 5]
[10, 12, 11, 7, 5, 16]
[7, 8, 7, 7, 10, 4]
[14, 9, 6, 13, 5, 7]
[9, 10, 11, 7, 13, 6]
[5, 6, 9, 4, 7, 6]
[9, 7, 6, 8, 8, 5]
[5, 5, 7, 6, 6, 7]
[6, 8, 9, 3, 5, 7]
[11, 4, 8, 6, 7, 5]
[16, 18, 6, 8, 17, 6]
[8, 6, 10, 5, 4, 10]
[4, 8, 3, 5, 5, 5]
[11, 7, 10, 9, 6, 13]
[5, 5, 5, 5, 3, 2]
[5, 4, 6, 5, 6, 7]
[9, 9, 6, 7, 5, 3]
[4, 9, 7, 10, 11, 6]
[5, 3, 7, 8, 9, 6]
[12, 12, 4, 6, 11, 6]
[11, 9, 4, 9, 3, 9]
[16, 8, 12, 15, 6, 9]
[8, 12, 4, 6, 9, 10]
[4, 6, 7, 8, 10, 7]
[10, 4, 11, 10, 10, 9]
[13, 14, 7, 6, 5, 9]
[9, 6, 7, 4, 3, 7]
[3, 3, 3, 4, 4, 4]
[16, 11, 10, 8, 4, 9]
[8, 5, 6, 4, 3, 6]
[4, 3, 3, 5, 7, 4]
[8, 7, 9, 11, 11, 3]
[5, 9, 11, 12, 14, 11]
[11, 10, 8, 7, 6, 16]
[8, 9, 15, 5, 6, 16]
[17, 13, 17, 8, 11, 6]
[22, 13, 15, 9, 10, 21]
[5, 3, 6, 4, 3, 8]
[4, 10, 5, 6, 7, 5]
[10, 6, 7, 9, 4, 7]
[7, 21, 11, 14, 9, 19]
[6, 2, 3, 6, 6, 6]
[7, 6, 5, 8, 8, 4]
[16, 4, 5, 17, 13, 13]
[6, 10, 8, 5, 4, 10]
[9, 4, 8, 7, 11, 5]
[12, 4, 5, 12, 5, 8]
[11, 11, 5, 4, 8, 6]
[4, 2, 5, 5, 5, 3]
[6, 3, 6, 5, 3, 4]
[7, 6, 5, 13, 12, 4]
[5, 7, 5, 4, 6, 5]
[6, 7, 7, 8, 5, 9]
[5, 9, 6, 14, 7, 13]
[3, 5, 7, 6, 7, 4]
[7, 5, 13, 11, 16, 7]
[4, 7, 5, 8, 6, 6]
[4, 5, 12, 12, 6, 7]
[4, 9, 12, 8, 6, 10]
[17, 6, 13, 7, 4, 5]
[18, 6, 18, 9, 9, 8]
[5, 5, 5, 5, 2, 3]
[7, 15, 4, 12, 6, 15]
[6, 8, 5, 9, 10, 3]
[6, 4, 7, 5, 4, 4]
[9, 4, 6, 10, 5, 7]
[3, 4, 4, 3, 4, 3]
[11, 11, 10, 4, 4, 6]
[10, 8, 3, 8, 7, 8]
[4, 12, 9, 10, 10, 9]
[11, 4, 13, 11, 7, 5]
[11, 15, 11, 5, 12, 7]
[9, 7, 9, 6, 5, 12]
[13, 9, 8, 6, 6, 5]
[7, 5, 4, 6, 4, 4]
[6, 4, 5, 5, 7, 6]
[12, 11, 5, 13, 9, 13]
[4, 7, 8, 5, 8, 12]
[9, 11, 4, 17, 5, 6]
[5, 13, 14, 11, 8, 7]
[15, 12, 4, 12, 11, 5]
[5, 4, 6, 12, 6, 10]
[22, 7, 10, 6, 7, 16]
[6, 9, 5, 8, 10, 9]
[5, 5, 3, 7, 5, 8]
[3, 5, 4, 2, 5, 5]
[5, 6, 8, 7, 8, 10]
[5, 6, 10, 7, 9, 8]
[6, 15, 5, 14, 7, 10]
[12, 5, 7, 4, 12, 6]
[6, 5, 4, 9, 7, 6]
[12, 11, 9, 7, 15, 6]
[8, 9, 5, 9, 4, 3]
[10, 4, 6, 7, 9, 11]
[4, 5, 11, 8, 11, 6]
[4, 3, 3, 4, 4, 3]
[4, 6, 9, 8, 8, 6]
[6, 4, 9, 9, 7, 6]
[5, 6, 2, 3, 5, 2]
[2, 2, 3, 4, 4, 4]
[4, 5, 7, 4, 3, 6]
[7, 6, 12, 12, 4, 10]
[4, 9, 7, 9, 10, 9]
[7, 6, 5, 4, 4, 4]
[6, 3, 4, 7, 9, 7]
[5, 9, 9, 4, 7, 9]
[4, 11, 9, 13, 6, 13]
[10, 7, 3, 9, 7, 8]
[4, 10, 7, 6, 9, 11]
[6, 3, 4, 6, 3, 5]
[4, 5, 6, 5, 6, 7]
[7, 6, 9, 5, 4, 6]
[6, 5, 4, 7, 4, 4]
[14, 12, 11, 13, 9, 23]
[5, 8, 10, 9, 7, 6]
[9, 9, 4, 5, 9, 7]
[4, 10, 13, 10, 9, 3]
[4, 5, 5, 7, 6, 5]
[8, 5, 7, 6, 8, 4]
[7, 4, 5, 6, 4, 4]
[9, 4, 3, 9, 3, 6]
[14, 10, 16, 11, 13, 9]
[4, 6, 8, 3, 5, 6]
[11, 9, 8, 6, 10, 4]
[7, 8, 4, 9, 9, 11]
[8, 3, 5, 7, 6, 9]
[4, 8, 3, 5, 8, 10]
[8, 3, 12, 12, 7, 12]
[15, 6, 9, 12, 16, 8]
[6, 5, 5, 3, 7, 8]
[7, 9, 6, 8, 8, 5]
[18, 6, 13, 5, 5, 8]
[5, 8, 4, 4, 4, 3]
[9, 5, 10, 6, 8, 9]
[2, 3, 2, 4, 4, 4]
[7, 7, 5, 7, 9, 3]
[5, 4, 7, 6, 7, 7]
[7, 5, 10, 6, 9, 8]
[7, 3, 6, 6, 5, 2]
[3, 10, 10, 6, 5, 8]
[4, 7, 5, 9, 12, 7]
[5, 6, 9, 7, 6, 4]
[8, 13, 6, 13, 4, 5]
[4, 9, 11, 6, 10, 7]
[6, 7, 8, 5, 7, 8]
[4, 10, 6, 5, 3, 8]
[5, 6, 4, 6, 4, 7]
[7, 4, 7, 5, 8, 3]
[8, 7, 6, 4, 11, 10]
[9, 7, 6, 4, 4, 5]
[7, 14, 17, 11, 5, 10]
[7, 7, 10, 5, 7, 6]
[6, 10, 9, 7, 15, 7]
[12, 7, 9, 6, 11, 7]
[11, 7, 6, 4, 4, 9]
[3, 6, 4, 7, 7, 9]
[9, 12, 8, 5, 12, 11]
[8, 9, 11, 7, 10, 4]
[6, 5, 4, 9, 6, 7]
[30, 33, 14, 11, 15, 22]
[7, 4, 7, 5, 3, 8]
[5, 7, 5, 4, 3, 7]
[6, 5, 7, 7, 9, 3]
[7, 5, 7, 4, 3, 8]
[6, 5, 8, 3, 4, 6]
[6, 5, 6, 7, 2, 3]
[5, 4, 9, 6, 6, 7]
[4, 6, 7, 5, 7, 7]
[11, 19, 6, 14, 8, 13]
[9, 4, 5, 6, 7, 6]
[3, 8, 10, 6, 8, 4]
[6, 3, 5, 5, 6, 10]
[3, 8, 9, 7, 9, 8]
[14, 4, 14, 5, 7, 11]
[4, 5, 2, 5, 3, 5]
[6, 7, 3, 9, 6, 8]
[5, 8, 3, 7, 7, 8]
[4, 7, 5, 7, 8, 3]
[11, 8, 7, 9, 10, 4]
[4, 5, 9, 4, 7, 3]
[3, 6, 9, 9, 3, 4]
[6, 5, 7, 9, 9, 5]
[10, 5, 6, 4, 7, 5]
[5, 6, 7, 7, 5, 4]
[9, 9, 5, 4, 7, 9]
[14, 8, 7, 21, 11, 22]
[3, 2, 2, 3, 2, 1]
[10, 4, 10, 5, 6, 7]
[6, 8, 4, 7, 8, 9]
[11, 4, 3, 8, 9, 9]
[6, 7, 5, 9, 9, 5]
[4, 6, 11, 9, 7, 10]
[13, 8, 6, 9, 5, 6]
[7, 5, 4, 12, 6, 12]
[8, 4, 5, 7, 6, 6]
[5, 7, 4, 6, 8, 5]
[6, 3, 6, 4, 5, 3]
[9, 8, 3, 6, 7, 5]
[6, 4, 3, 9, 3, 9]
[6, 5, 4, 7, 4, 3]
[7, 9, 3, 7, 7, 5]
[13, 6, 4, 11, 5, 13]
[11, 7, 12, 12, 11, 5]
[8, 6, 5, 3, 4, 6]
[14, 9, 8, 5, 16, 16]
[4, 5, 8, 7, 7, 8]
[4, 2, 3, 5, 5, 5]
[4, 9, 6, 7, 5, 10]
[9, 10, 7, 3, 5, 9]
[4, 6, 7, 5, 4, 4]
[6, 9, 10, 8, 7, 5]
[6, 6, 7, 5, 7, 5]
[19, 21, 14, 9, 7, 10]
[4, 7, 5, 7, 5, 7]
[2, 5, 2, 6, 5, 3]
[6, 4, 7, 5, 8, 5]
[5, 9, 8, 12, 12, 11]
[6, 10, 11, 5, 10, 4]
[10, 10, 5, 4, 3, 5]
[9, 6, 3, 9, 4, 3]
[15, 16, 8, 6, 5, 13]
[5, 4, 11, 10, 7, 5]
[2, 4, 2, 3, 4, 4]
[5, 4, 16, 8, 4, 12]
[7, 6, 9, 4, 4, 5]
[5, 10, 6, 5, 7, 4]
[11, 9, 7, 10, 4, 6]
[3, 5, 6, 2, 5, 2]
[6, 6, 5, 7, 7, 5]
[7, 21, 5, 15, 7, 8]
[8, 8, 4, 12, 6, 5]
[3, 5, 8, 4, 5, 8]
[4, 9, 3, 5, 9, 4]
[5, 6, 4, 7, 4, 4]
[4, 12, 9, 10, 9, 10]
[8, 6, 9, 7, 3, 8]
[6, 4, 5, 7, 4, 4]
[10, 10, 7, 6, 5, 8]
[5, 9, 8, 4, 9, 9]
[9, 9, 7, 4, 9, 5]
[7, 14, 6, 13, 5, 15]
[11, 10, 7, 6, 11, 15]
[5, 2, 3, 4, 5, 5]
[6, 5, 4, 8, 12, 10]
[6, 6, 2, 6, 6, 3]
[3, 5, 8, 4, 5, 5]
[6, 3, 6, 5, 2, 7]
[7, 5, 4, 8, 6, 6]
[10, 12, 4, 5, 8, 6]
[5, 6, 4, 5, 6, 7]
[5, 5, 7, 6, 7, 6]
[4, 12, 10, 13, 9, 10]
[6, 11, 4, 8, 12, 4]
[8, 4, 5, 3, 10, 8]
[3, 8, 7, 9, 8, 9]
[8, 6, 5, 6, 3, 4]
[4, 8, 7, 8, 5, 7]
[4, 5, 6, 7, 5, 8]
[7, 6, 5, 13, 4, 12]
[12, 5, 9, 6, 7, 4]
[5, 7, 8, 11, 13, 14]
[4, 3, 5, 3, 4, 7]
[7, 6, 10, 9, 7, 4]
[4, 5, 7, 6, 4, 3]
[8, 6, 9, 7, 6, 11]
[6, 5, 3, 5, 9, 4]
[10, 3, 9, 7, 8, 7]
[8, 3, 5, 4, 9, 9]
[7, 3, 9, 11, 12, 11]
[8, 18, 11, 11, 12, 7]
[4, 6, 5, 9, 6, 7]
[8, 7, 11, 5, 16, 10]
[9, 10, 9, 8, 6, 5]
[9, 4, 9, 7, 5, 9]
[10, 13, 9, 12, 8, 13]
[14, 7, 11, 17, 5, 10]
[8, 3, 7, 10, 6, 5]
[4, 4, 4, 1, 3, 4]
[8, 6, 3, 9, 7, 5]
[7, 4, 2, 3, 6, 4]
[4, 2, 3, 1, 4, 3]
[6, 4, 8, 12, 4, 11]
[8, 4, 6, 11, 4, 12]
[11, 7, 9, 10, 6, 4]
[3, 8, 5, 6, 4, 6]
[7, 4, 8, 5, 8, 7]
[7, 6, 4, 5, 4, 3]
[3, 5, 5, 9, 7, 4]
[4, 3, 4, 5, 5, 7]
[6, 10, 12, 8, 4, 5]
[7, 7, 5, 10, 6, 7]
[3, 7, 5, 8, 9, 6]
[7, 8, 7, 6, 9, 5]
[9, 3, 6, 4, 3, 9]
[9, 9, 10, 8, 5, 6]
[8, 7, 3, 8, 10, 8]
[7, 9, 7, 8, 6, 5]
[6, 16, 8, 15, 5, 13]
[6, 8, 7, 9, 10, 4]
[7, 6, 7, 9, 4, 3]
[4, 13, 7, 13, 9, 12]
[9, 7, 4, 8, 11, 5]
[7, 9, 6, 3, 8, 6]
[4, 7, 7, 5, 5, 7]
[7, 8, 5, 11, 10, 16]
[4, 3, 6, 7, 9, 7]
[7, 5, 5, 11, 3, 7]
[10, 10, 5, 8, 7, 3]
[7, 6, 3, 9, 6, 8]
[7, 5, 6, 2, 3, 6]
[4, 8, 7, 5, 8, 7]
[4, 9, 8, 5, 7, 11]
[8, 6, 18, 12, 17, 13]
[4, 5, 7, 11, 5, 10]
[5, 8, 3, 4, 5, 8]
[8, 4, 8, 5, 5, 3]
[7, 4, 11, 5, 10, 5]
[10, 6, 5, 9, 9, 13]
[3, 4, 6, 5, 8, 3]
[10, 5, 8, 9, 6, 9]
[6, 7, 6, 5, 5, 7]
[8, 8, 3, 4, 6, 4]
[6, 4, 6, 8, 5, 3]
[8, 6, 6, 8, 5, 9]
[7, 9, 8, 3, 6, 7]
[6, 8, 12, 10, 4, 5]
[5, 13, 12, 4, 6, 14]
[2, 2, 5, 6, 5, 3]
[8, 5, 9, 11, 4, 7]
[9, 11, 7, 8, 10, 4]
[6, 13, 4, 13, 11, 9]
[8, 6, 6, 5, 11, 4]
[4, 6, 7, 3, 5, 7]
[7, 10, 4, 9, 7, 11]
[9, 5, 6, 4, 6, 7]
[7, 6, 4, 11, 4, 9]
[6, 3, 5, 5, 8, 7]
[2, 2, 3, 3, 2, 1]
[11, 3, 4, 8, 9, 9]
[13, 8, 7, 12, 10, 7]
[7, 6, 10, 4, 9, 6]
[9, 5, 10, 4, 7, 7]
[20, 12, 9, 13, 11, 8]
[5, 7, 7, 8, 5, 3]
[7, 5, 6, 6, 5, 7]
[5, 4, 9, 7, 7, 12]
[7, 4, 9, 9, 5, 9]
[8, 8, 3, 4, 3, 5]
[11, 6, 8, 9, 10, 4]
[12, 8, 5, 8, 7, 3]
[4, 4, 2, 1, 3, 3]
[5, 10, 9, 8, 6, 7]
[6, 5, 9, 8, 6, 7]
[7, 4, 9, 3, 6, 7]
[5, 3, 2, 7, 7, 5]
[4, 10, 6, 12, 8, 5]
[4, 1, 2, 4, 3, 3]
[3, 6, 8, 6, 7, 9]
[2, 3, 4, 2, 4, 4]
[10, 12, 6, 5, 8, 4]
[9, 13, 10, 12, 11, 4]
[5, 6, 13, 20, 7, 13]
[5, 4, 2, 5, 5, 3]
[3, 5, 7, 6, 8, 9]
[12, 10, 9, 4, 11, 13]
[7, 6, 9, 7, 3, 4]
[9, 3, 3, 8, 4, 9]
[5, 6, 10, 9, 8, 9]
[8, 3, 5, 4, 10, 8]
[6, 5, 3, 10, 6, 12]
[6, 11, 11, 4, 9, 10]
[8, 5, 7, 7, 5, 3]
[5, 4, 2, 5, 3, 5]
[5, 6, 7, 4, 8, 5]
[4, 9, 3, 5, 4, 9]
[13, 12, 10, 4, 10, 9]
[6, 9, 9, 5, 3, 7]
[4, 7, 8, 5, 8, 7]
[4, 12, 7, 5, 12, 6]
[7, 6, 3, 4, 7, 9]
[5, 6, 15, 10, 15, 7]
[7, 7, 6, 8, 9, 5]
[4, 2, 7, 4, 6, 3]
[10, 6, 4, 7, 11, 12]
[5, 8, 9, 6, 9, 10]
[11, 9, 8, 7, 10, 4]
[3, 6, 8, 4, 6, 5]
[3, 5, 4, 6, 7, 7]
[5, 10, 10, 3, 5, 10]
[6, 2, 6, 3, 6, 6]
[12, 7, 5, 4, 6, 12]
[8, 11, 13, 5, 11, 15]
[5, 6, 4, 6, 3, 3]
[7, 9, 21, 14, 15, 16]
[8, 11, 4, 5, 6, 11]
[12, 5, 7, 4, 6, 12]
[4, 7, 9, 6, 3, 7]
[4, 6, 3, 5, 5, 9]
[15, 4, 11, 6, 11, 9]
[3, 9, 11, 6, 12, 4]
[7, 5, 5, 6, 6, 7]
[3, 5, 6, 7, 7, 4]
[6, 8, 15, 13, 16, 5]
[5, 7, 4, 5, 5, 6]
[5, 4, 7, 6, 4, 4]
[9, 5, 12, 11, 14, 11]
[3, 6, 6, 2, 6, 6]
[10, 8, 9, 5, 6, 9]
[13, 11, 9, 18, 19, 8]
[5, 6, 7, 4, 7, 7]
[7, 5, 7, 7, 4, 5]
[5, 13, 15, 14, 7, 5]
[9, 5, 10, 8, 7, 6]
[3, 8, 11, 9, 4, 11]
[4, 5, 12, 7, 6, 12]
[6, 12, 8, 4, 10, 9]
[10, 8, 7, 9, 5, 6]
[12, 4, 7, 12, 5, 6]
[4, 8, 11, 7, 10, 9]
[5, 6, 7, 7, 9, 3]
[7, 11, 8, 6, 23, 17]
[10, 9, 8, 7, 5, 6]
[5, 10, 6, 4, 5, 7]
[6, 4, 5, 9, 7, 6]
[4, 4, 5, 3, 5, 7]
[11, 8, 7, 5, 5, 9]
[9, 6, 5, 8, 10, 9]
[4, 9, 5, 6, 7, 6]
[10, 5, 4, 6, 5, 7]
[4, 7, 5, 5, 6, 5]
[12, 11, 13, 9, 10, 4]
[2, 2, 3, 3, 1, 2]
[8, 7, 6, 7, 9, 5]
[6, 7, 4, 3, 5, 7]
[9, 7, 6, 7, 4, 3]
[15, 15, 14, 9, 11, 10]
[5, 10, 4, 10, 5, 3]
[7, 5, 6, 6, 7, 5]
[7, 9, 4, 9, 5, 9]
[11, 9, 7, 8, 10, 4]
[13, 9, 6, 5, 8, 13]
[7, 10, 4, 16, 9, 13]
[9, 4, 7, 5, 12, 7]
[5, 3, 4, 5, 3, 10]
[3, 2, 2, 2, 2, 2]
[9, 3, 4, 7, 6, 7]
[6, 5, 8, 4, 6, 3]
[6, 4, 11, 11, 10, 9]
[4, 15, 12, 12, 11, 5]
[5, 10, 5, 10, 4, 3]
[6, 3, 8, 5, 2, 5]
[7, 3, 4, 6, 7, 9]
[6, 10, 5, 9, 9, 13]
[8, 10, 7, 11, 9, 4]
[5, 7, 4, 6, 4, 4]
[5, 7, 8, 6, 8, 7]
[8, 7, 8, 3, 3, 2]
[12, 13, 19, 6, 8, 14]
[5, 7, 10, 6, 9, 8]
[7, 5, 8, 6, 8, 7]
[5, 8, 7, 12, 8, 5]
[6, 3, 8, 4, 8, 4]
[3, 2, 3, 2, 2, 1]
[2, 4, 4, 3, 1, 3]
[9, 4, 7, 8, 10, 10]
[4, 4, 3, 3, 1, 2]
[7, 12, 10, 4, 11, 9]
[11, 5, 8, 7, 11, 9]
