[12, 5, 11]
[5, 13, 7]
[7, 8, 3]
[6, 11, 7]
[3, 2, 5]
[5, 16, 14]
[2, 5, 3]
[4, 11, 7]
[7, 4, 8]
[7, 6, 19]
[7, 8, 4]
[9, 4, 12]
[3, 1, 3]
[4, 8, 7]
[4, 7, 8]
[3, 7, 5]
[10, 7, 5]
[7, 11, 6]
[11, 7, 6]
[8, 7, 4]
[15, 10, 8]
[6, 7, 11]
[7, 5, 10]
[11, 6, 7]
[8, 10, 15]
[19, 6, 11]
[11, 12, 5]
[7, 6, 11]
[10, 8, 17]
[7, 10, 5]
[4, 5, 11]
[8, 10, 17]
[10, 5, 7]
[4, 5, 12]
[5, 7, 10]
[8, 4, 7]
[3, 8, 11]
[14, 13, 5]
[5, 10, 7]
[17, 10, 8]
[11, 5, 14]
[10, 8, 5]
[5, 10, 8]
[5, 12, 11]
[8, 10, 5]
[5, 11, 12]
[4, 3, 10]
[12, 11, 5]
[11, 5, 12]
[8, 11, 3]
[10, 8, 15]
[10, 5, 8]
[7, 5, 3]
[15, 8, 10]
[5, 17, 16]
[2, 3, 5]
[5, 7, 3]
[3, 5, 7]
[5, 3, 7]
[6, 7, 19]
[10, 15, 8]
[5, 8, 10]
[13, 14, 5]
[10, 17, 6]
[3, 7, 8]
[4, 9, 12]
[7, 22, 12]
[1, 3, 3]
[8, 20, 7]
[8, 5, 10]
[19, 7, 8]
[11, 4, 5]
[14, 5, 13]
[4, 10, 15]
[16, 12, 5]
[6, 19, 7]
[16, 5, 17]
[5, 7, 13]
[14, 11, 5]
[7, 8, 19]
[10, 17, 8]
[7, 3, 5]
[12, 4, 9]
[10, 8, 3]
[8, 17, 10]
[11, 5, 18]
[19, 6, 7]
[7, 5, 19]
[21, 14, 6]
[7, 5, 13]
[5, 14, 11]
[8, 3, 10]
[5, 2, 3]
[13, 5, 14]
[3, 5, 2]
[6, 19, 11]
[3, 3, 1]
[13, 5, 7]
[7, 13, 5]
[13, 7, 5]
[14, 5, 11]
[3, 10, 11]
[16, 5, 7]
[7, 19, 6]
[10, 3, 5]
[8, 7, 3]
[11, 14, 5]
[17, 8, 10]
[14, 5, 16]
[8, 15, 10]
[5, 3, 2]
[4, 11, 5]
[11, 7, 4]
[5, 11, 14]
[5, 7, 16]
[10, 4, 15]
[8, 3, 11]
[17, 5, 11]
[5, 3, 10]
[19, 7, 6]
[9, 12, 4]
[16, 7, 5]
[18, 5, 11]
[11, 6, 19]
[25, 13, 8]
[3, 10, 8]
[20, 8, 7]
[23, 15, 9]
[8, 7, 19]
[14, 4, 5]
[8, 3, 7]
[11, 8, 3]
[4, 14, 5]
[5, 13, 14]
[10, 4, 3]
[4, 7, 11]
[3, 10, 5]
[3, 5, 10]
[7, 12, 22]
[11, 4, 7]
[20, 7, 11]
[8, 10, 3]
[7, 4, 11]
[17, 16, 5]
[17, 5, 16]
[5, 4, 12]
[7, 5, 16]
[12, 5, 16]
[5, 12, 16]
[4, 12, 5]
[10, 3, 8]
[20, 6, 11]
[6, 20, 11]
[4, 5, 14]
[5, 4, 11]
[20, 11, 6]
[16, 5, 14]
[11, 20, 7]
[7, 19, 8]
[8, 19, 7]
