[9, 11, 13, 10]
[6, 3, 6, 5]
[17, 9, 10, 15]
[9, 6, 5, 8]
[11, 15, 16, 12]
[10, 11, 7, 9]
[15, 19, 10, 11]
[14, 17, 18, 12]
[10, 12, 14, 9]
[12, 10, 9, 23]
[7, 14, 13, 11]
[4, 4, 7, 5]
[7, 11, 9, 10]
[16, 15, 11, 12]
[15, 10, 17, 9]
[10, 12, 8, 7]
[5, 7, 4, 4]
[3, 2, 4, 3]
[12, 14, 18, 17]
[18, 11, 14, 13]
[9, 7, 6, 9]
[12, 11, 10, 7]
[11, 14, 13, 19]
[9, 11, 7, 10]
[7, 9, 11, 10]
[13, 10, 9, 11]
[14, 8, 9, 11]
[5, 6, 8, 7]
[15, 12, 14, 8]
[10, 7, 5, 8]
[7, 11, 5, 9]
[9, 12, 14, 10]
[10, 12, 7, 8]
[10, 7, 6, 10]
[11, 10, 7, 9]
[7, 11, 10, 9]
[8, 10, 15, 14]
[8, 7, 10, 13]
[7, 11, 13, 10]
[3, 2, 3, 4]
[8, 10, 8, 7]
[21, 12, 9, 13]
[21, 16, 14, 22]
[14, 12, 9, 10]
[11, 7, 9, 10]
[11, 10, 6, 8]
[8, 10, 19, 21]
[17, 22, 15, 23]
[11, 10, 13, 9]
[7, 13, 9, 11]
[6, 5, 3, 6]
[15, 16, 10, 7]
[10, 11, 9, 13]
[7, 16, 11, 15]
[9, 5, 8, 6]
[19, 35, 29, 17]
[16, 15, 12, 11]
[9, 7, 10, 11]
[11, 10, 8, 6]
[11, 8, 6, 10]
[6, 4, 5, 7]
[10, 9, 14, 12]
[6, 9, 10, 7]
[18, 14, 9, 8]
[9, 12, 10, 14]
[13, 10, 7, 11]
[7, 14, 11, 13]
[5, 6, 7, 10]
[4, 6, 7, 9]
[6, 6, 3, 5]
[17, 9, 10, 13]
[5, 10, 8, 6]
[11, 16, 12, 15]
[9, 15, 16, 10]
[14, 11, 8, 9]
[10, 9, 11, 7]
[12, 5, 8, 11]
[17, 13, 9, 10]
[9, 7, 10, 13]
[13, 17, 12, 10]
[10, 13, 8, 7]
[14, 12, 10, 9]
[16, 12, 11, 15]
[7, 10, 9, 11]
[3, 4, 4, 5]
[4, 7, 5, 4]
[3, 4, 3, 2]
[7, 11, 10, 12]
[9, 6, 7, 9]
[5, 4, 4, 7]
[8, 7, 13, 10]
[7, 10, 11, 9]
[13, 11, 18, 19]
[7, 8, 8, 10]
[9, 6, 9, 7]
[11, 14, 13, 18]
[9, 11, 10, 7]
[4, 5, 7, 4]
[11, 7, 5, 9]
[11, 16, 15, 12]
[15, 11, 8, 7]
[16, 15, 10, 7]
[11, 8, 15, 7]
[12, 14, 17, 18]
[3, 3, 2, 4]
[10, 11, 7, 12]
[16, 12, 15, 11]
[12, 11, 9, 17]
[9, 10, 14, 12]
[12, 18, 20, 19]
[8, 14, 9, 11]
[9, 7, 9, 5]
[16, 11, 15, 12]
[8, 13, 10, 7]
[9, 5, 11, 7]
[8, 9, 14, 18]
[9, 5, 4, 6]
[14, 10, 9, 12]
[10, 7, 9, 11]
[10, 9, 10, 6]
[13, 14, 18, 11]
[5, 10, 6, 7]
[7, 15, 8, 10]
[7, 3, 7, 7]
[14, 10, 5, 6]
[9, 6, 4, 5]
[14, 11, 9, 8]
[16, 11, 12, 15]
[13, 12, 17, 10]
[11, 6, 8, 13]
[12, 17, 18, 14]
[11, 7, 10, 9]
[13, 11, 8, 6]
[18, 11, 13, 14]
[6, 13, 11, 15]
[10, 8, 7, 15]
[6, 7, 5, 8]
[4, 7, 8, 10]
[17, 10, 9, 13]
[9, 5, 5, 8]
[11, 15, 12, 16]
[28, 22, 19, 23]
[5, 10, 7, 8]
[8, 9, 4, 6]
[12, 11, 17, 9]
[11, 18, 13, 19]
[13, 12, 10, 17]
[8, 14, 15, 11]
[10, 12, 9, 14]
[18, 20, 19, 12]
[15, 11, 12, 16]
[7, 13, 11, 10]
[12, 10, 7, 11]
[10, 7, 8, 12]
[8, 5, 6, 7]
[6, 8, 5, 7]
[9, 12, 14, 7]
[9, 10, 7, 11]
[13, 7, 11, 10]
[5, 6, 10, 7]
[6, 12, 13, 9]
[9, 16, 15, 10]
[9, 9, 5, 7]
[8, 7, 5, 9]
[5, 7, 6, 8]
[10, 6, 10, 7]
[8, 11, 10, 14]
[11, 9, 7, 10]
[7, 10, 9, 15]
[15, 10, 19, 11]
[12, 17, 8, 11]
[12, 8, 7, 14]
[8, 13, 7, 10]
[14, 18, 12, 17]
[10, 14, 8, 15]
[11, 14, 13, 7]
[11, 13, 8, 6]
[11, 6, 7, 8]
[10, 12, 7, 11]
[10, 7, 11, 9]
[7, 9, 10, 11]
[10, 19, 15, 12]
[11, 13, 14, 18]
[12, 11, 16, 15]
[25, 16, 17, 13]
[9, 7, 14, 12]
[10, 9, 7, 13]
[3, 5, 4, 4]
[6, 4, 3, 8]
[9, 7, 9, 6]
[12, 24, 16, 15]
[5, 7, 10, 6]
[14, 15, 10, 8]
[9, 10, 11, 13]
[8, 7, 13, 11]
[5, 8, 7, 10]
[8, 10, 7, 13]
[12, 17, 14, 18]
[8, 7, 15, 10]
[15, 12, 11, 16]
[8, 7, 10, 8]
[5, 4, 2, 4]
[11, 5, 9, 8]
[8, 7, 8, 10]
[8, 14, 11, 15]
[11, 17, 8, 12]
[10, 10, 9, 6]
[7, 6, 9, 10]
[10, 8, 7, 12]
[15, 10, 8, 14]
[9, 7, 11, 10]
[9, 5, 6, 8]
[23, 22, 17, 15]
[8, 7, 9, 5]
[6, 10, 7, 5]
[10, 13, 11, 9]
[12, 9, 7, 14]
[6, 5, 7, 8]
[12, 16, 15, 11]
[4, 6, 7, 4]
[11, 4, 9, 5]
[13, 10, 12, 17]
[8, 15, 14, 12]
[11, 18, 13, 14]
[10, 7, 12, 8]
[9, 13, 7, 10]
[17, 15, 22, 23]
[13, 15, 25, 22]
[4, 6, 5, 9]
[12, 18, 19, 20]
[4, 5, 3, 4]
[10, 9, 13, 11]
[11, 10, 9, 13]
[28, 19, 22, 23]
[11, 13, 17, 8]
[11, 8, 14, 15]
[9, 4, 8, 6]
[7, 11, 12, 10]
[13, 22, 28, 27]
[6, 10, 7, 9]
[13, 10, 8, 17]
[8, 5, 9, 7]
[11, 8, 7, 6]
[12, 18, 14, 17]
[7, 9, 10, 6]
[3, 3, 4, 2]
[7, 10, 6, 5]
[11, 8, 6, 13]
[28, 19, 23, 22]
[12, 20, 19, 18]
[6, 7, 5, 4]
[9, 11, 13, 7]
[8, 11, 15, 7]
[6, 9, 12, 13]
[6, 12, 9, 13]
[12, 11, 15, 16]
[10, 9, 11, 13]
[12, 9, 14, 7]
[16, 15, 24, 12]
[7, 13, 10, 11]
[6, 9, 5, 4]
[7, 10, 11, 12]
[11, 10, 9, 7]
[8, 10, 7, 8]
[8, 6, 4, 9]
[13, 28, 27, 22]
[11, 5, 7, 9]
[9, 13, 11, 10]
[8, 11, 9, 14]
[13, 10, 17, 12]
[9, 11, 12, 5]
[10, 13, 9, 11]
[17, 10, 21, 22]
[10, 9, 7, 11]
[11, 6, 13, 8]
[12, 15, 11, 16]
[9, 18, 14, 8]
[10, 11, 9, 7]
[14, 12, 17, 18]
[15, 10, 8, 11]
[10, 7, 8, 15]
[7, 5, 6, 10]
[11, 14, 7, 13]
[4, 7, 6, 9]
[12, 15, 16, 11]
[6, 7, 10, 5]
[5, 11, 10, 7]
[14, 9, 10, 12]
[13, 11, 9, 10]
[9, 8, 6, 5]
[12, 23, 20, 13]
[8, 11, 14, 9]
[6, 7, 4, 5]
[11, 7, 8, 6]
[6, 7, 8, 5]
[9, 9, 6, 7]
[10, 11, 13, 9]
[11, 27, 15, 13]
[18, 15, 10, 19]
[8, 5, 7, 6]
[7, 8, 11, 13]
[12, 18, 17, 14]
[10, 6, 10, 9]
[3, 4, 2, 3]
[9, 8, 5, 6]
[4, 8, 7, 10]
[12, 16, 11, 15]
[15, 12, 9, 13]
[15, 14, 12, 8]
[15, 8, 12, 14]
[11, 7, 8, 15]
[8, 9, 7, 5]
[14, 8, 10, 15]
[6, 3, 5, 6]
[10, 14, 15, 8]
[10, 13, 7, 8]
[8, 5, 7, 9]
[6, 8, 4, 9]
[4, 4, 5, 7]
[7, 9, 11, 5]
[7, 5, 10, 6]
[15, 11, 16, 12]
[4, 7, 4, 5]
[12, 20, 13, 23]
[12, 23, 13, 20]
[8, 14, 15, 12]
[8, 11, 14, 10]
[18, 20, 12, 19]
[8, 5, 5, 9]
[15, 12, 16, 11]
[10, 10, 7, 6]
[14, 12, 18, 17]
[9, 7, 13, 10]
[3, 8, 6, 4]
[4, 3, 4, 5]
[11, 7, 15, 8]
[6, 5, 7, 10]
[8, 10, 13, 7]
[17, 10, 13, 9]
[7, 15, 11, 12]
[9, 14, 12, 10]
[5, 5, 4, 2]
[13, 12, 20, 23]
[8, 8, 7, 10]
[9, 10, 11, 7]
[9, 16, 10, 15]
[8, 10, 13, 15]
[10, 9, 12, 14]
[8, 17, 14, 18]
[13, 8, 6, 11]
[8, 7, 11, 13]
[7, 9, 13, 11]
[11, 12, 15, 16]
[8, 14, 18, 9]
[10, 7, 12, 11]
[14, 17, 12, 18]
[7, 15, 9, 10]
[11, 9, 17, 12]
[6, 5, 4, 7]
[6, 5, 7, 4]
[18, 13, 14, 11]
[13, 14, 11, 18]
[11, 8, 15, 14]
[15, 24, 16, 12]
[8, 14, 15, 10]
[21, 22, 16, 14]
[7, 10, 5, 6]
[6, 7, 10, 9]
[8, 8, 10, 7]
[9, 10, 15, 16]
[8, 9, 11, 5]
[11, 9, 5, 8]
[11, 9, 8, 5]
[7, 12, 15, 11]
[9, 5, 7, 9]
[12, 7, 10, 11]
[9, 11, 5, 6]
[13, 17, 10, 12]
[12, 20, 23, 13]
[8, 14, 12, 15]
[12, 5, 9, 11]
[25, 17, 13, 16]
[25, 16, 13, 17]
[12, 14, 8, 7]
[12, 7, 11, 10]
[15, 16, 12, 11]
[21, 13, 12, 9]
[13, 22, 27, 28]
[7, 13, 11, 14]
[10, 8, 5, 7]
[10, 10, 6, 9]
[8, 7, 5, 6]
[12, 16, 24, 15]
[11, 12, 9, 17]
[7, 10, 9, 6]
[11, 6, 5, 9]
[8, 9, 11, 14]
[5, 9, 11, 6]
[21, 16, 10, 19]
[12, 24, 15, 16]
