[14, 8, 9, 11]
[14, 11, 8, 9]
[16, 12, 15, 11]
[8, 7, 10, 8]
[16, 15, 11, 12]
[16, 11, 12, 15]
[8, 5, 9, 7]
[7, 13, 10, 11]
[9, 6, 7, 9]
[10, 9, 7, 11]
[10, 11, 9, 7]
[7, 15, 8, 11]
[10, 7, 10, 6]
[4, 5, 7, 4]
[8, 11, 6, 13]
[4, 9, 6, 5]
[7, 6, 9, 10]
[9, 12, 7, 14]
[7, 10, 12, 11]
[9, 7, 11, 10]
[16, 15, 12, 11]
[15, 8, 14, 10]
[11, 27, 15, 13]
[11, 10, 7, 9]
[4, 7, 5, 4]
[15, 14, 12, 8]
[9, 11, 7, 10]
[9, 7, 9, 6]
[13, 10, 17, 12]
[9, 9, 7, 6]
[7, 9, 10, 11]
[28, 19, 23, 22]
[10, 11, 7, 9]
[7, 5, 10, 6]
[10, 14, 12, 9]
[11, 17, 12, 9]
[6, 7, 10, 5]
[10, 7, 11, 9]
[7, 9, 11, 10]
[9, 7, 9, 5]
[4, 4, 6, 7]
[7, 11, 14, 13]
[7, 11, 10, 9]
[10, 8, 7, 12]
[4, 5, 4, 7]
[17, 10, 15, 9]
[10, 9, 12, 14]
[10, 10, 9, 6]
[15, 8, 11, 10]
[6, 5, 7, 4]
[12, 18, 19, 20]
[8, 8, 10, 7]
[12, 14, 8, 15]
[13, 12, 23, 20]
[17, 15, 10, 9]
[8, 7, 9, 5]
[5, 6, 8, 7]
[15, 17, 23, 29]
[21, 14, 16, 22]
[5, 7, 10, 8]
[12, 24, 15, 16]
[10, 12, 7, 8]
[11, 7, 14, 13]
[11, 6, 13, 8]
[7, 6, 5, 10]
[8, 7, 13, 11]
[15, 16, 11, 12]
[7, 8, 10, 8]
[21, 22, 16, 14]
[13, 10, 7, 11]
[10, 12, 7, 11]
[7, 5, 9, 11]
[5, 7, 10, 6]
[8, 13, 10, 7]
[13, 11, 17, 8]
[9, 10, 7, 11]
[14, 11, 8, 10]
[10, 6, 10, 7]
[8, 9, 5, 6]
[9, 14, 12, 7]
[10, 8, 14, 15]
[17, 9, 10, 13]
[17, 10, 13, 9]
[25, 13, 17, 16]
[18, 14, 11, 13]
[6, 10, 9, 7]
[35, 19, 17, 29]
[10, 8, 12, 7]
[8, 5, 6, 9]
[18, 11, 13, 14]
[9, 13, 11, 10]
[15, 24, 12, 16]
[7, 11, 15, 12]
[15, 7, 8, 11]
[5, 6, 8, 10]
[15, 16, 12, 11]
[8, 10, 7, 13]
[8, 7, 8, 10]
[6, 9, 13, 12]
[15, 16, 7, 10]
[11, 18, 13, 14]
[7, 10, 6, 5]
[9, 10, 11, 7]
[13, 22, 15, 25]
[10, 7, 8, 13]
[8, 15, 10, 14]
[8, 11, 13, 6]
[17, 9, 10, 15]
[5, 6, 7, 10]
[10, 7, 8, 12]
[7, 15, 13, 10]
[9, 10, 12, 14]
[14, 10, 9, 12]
[8, 15, 12, 14]
[6, 4, 7, 5]
[3, 4, 6, 8]
[10, 13, 9, 11]
[8, 7, 5, 6]
[4, 4, 3, 5]
[8, 9, 6, 5]
[18, 14, 13, 11]
[12, 8, 11, 17]
[9, 13, 10, 11]
[13, 10, 12, 17]
[8, 12, 15, 14]
[6, 6, 5, 3]
[15, 11, 10, 8]
[8, 9, 5, 5]
[11, 9, 10, 13]
[10, 12, 8, 7]
[15, 11, 18, 10]
[16, 11, 15, 12]
[6, 4, 9, 8]
[11, 10, 9, 7]
[15, 23, 17, 29]
[9, 5, 8, 6]
[9, 12, 14, 10]
[13, 10, 9, 11]
[11, 12, 16, 15]
[7, 11, 8, 13]
[14, 15, 8, 10]
[13, 20, 12, 23]
[10, 8, 19, 21]
[16, 15, 24, 12]
[5, 4, 7, 4]
[9, 7, 6, 9]
[12, 20, 9, 14]
[16, 12, 11, 15]
[13, 11, 7, 10]
[8, 11, 14, 9]
[11, 6, 8, 7]
[12, 15, 11, 16]
[15, 11, 16, 12]
[12, 15, 16, 24]
[11, 9, 7, 10]
[10, 12, 14, 9]
[7, 10, 11, 9]
[12, 11, 16, 15]
[10, 6, 9, 10]
[10, 12, 9, 14]
[9, 6, 4, 8]
[10, 8, 15, 14]
[8, 10, 8, 7]
[11, 16, 15, 12]
[17, 9, 13, 10]
[4, 10, 8, 7]
[8, 5, 7, 9]
[7, 11, 12, 15]
[8, 10, 15, 7]
[3, 3, 2, 4]
[3, 5, 4, 4]
[6, 10, 5, 7]
[5, 12, 7, 11]
[11, 8, 14, 15]
[5, 11, 6, 9]
[7, 9, 13, 11]
[4, 3, 4, 5]
[13, 8, 6, 11]
[4, 3, 7, 7]
[6, 5, 11, 9]
[6, 7, 4, 5]
[11, 6, 8, 10]
[6, 5, 6, 3]
[13, 11, 9, 10]
[28, 19, 22, 23]
[11, 12, 15, 16]
[3, 4, 4, 5]
[15, 12, 11, 16]
[8, 9, 6, 4]
[13, 7, 11, 10]
[9, 13, 10, 7]
[4, 4, 5, 7]
[8, 13, 10, 15]
[5, 7, 8, 6]
[11, 13, 9, 10]
[11, 13, 18, 14]
[12, 23, 20, 13]
[9, 8, 4, 6]
[9, 14, 10, 12]
[11, 13, 10, 9]
[8, 8, 7, 10]
[10, 16, 15, 9]
[8, 10, 13, 7]
[10, 7, 8, 5]
[15, 9, 13, 12]
[10, 13, 9, 7]
[8, 7, 13, 10]
[11, 7, 6, 8]
[15, 11, 12, 16]
[14, 18, 12, 17]
[11, 13, 14, 18]
[10, 12, 11, 7]
[13, 12, 17, 10]
[11, 8, 7, 6]
[9, 9, 6, 7]
[8, 14, 9, 11]
[7, 11, 13, 10]
[11, 8, 9, 5]
[12, 16, 11, 15]
[15, 14, 8, 12]
[6, 7, 10, 9]
[8, 5, 7, 6]
[4, 3, 5, 4]
[18, 15, 19, 10]
[8, 10, 7, 8]
[8, 13, 7, 10]
[11, 7, 9, 10]
[9, 13, 11, 7]
[15, 10, 11, 8]
[11, 15, 12, 16]
[9, 11, 10, 13]
[11, 9, 10, 7]
[14, 17, 18, 12]
[10, 6, 7, 10]
[12, 18, 17, 14]
[12, 16, 15, 11]
[15, 11, 10, 19]
[16, 10, 15, 7]
[11, 19, 13, 14]
[7, 10, 8, 8]
[7, 11, 13, 8]
[28, 23, 19, 22]
[17, 13, 10, 9]
[9, 11, 10, 7]
[15, 22, 23, 17]
[15, 10, 18, 11]
[7, 13, 11, 9]
[12, 10, 7, 11]
[13, 9, 8, 6]
[14, 9, 8, 11]
[4, 6, 7, 9]
[10, 15, 8, 7]
[4, 5, 3, 4]
[15, 8, 11, 7]
[9, 10, 11, 13]
[14, 12, 9, 20]
[8, 15, 7, 10]
[14, 9, 11, 8]
[12, 24, 16, 15]
[6, 12, 13, 9]
[6, 9, 4, 8]
[13, 9, 11, 10]
[12, 14, 15, 8]
[11, 19, 13, 18]
[10, 9, 14, 12]
[5, 7, 6, 8]
[21, 16, 22, 14]
[14, 12, 17, 18]
[15, 10, 9, 17]
[7, 11, 13, 14]
[8, 14, 12, 15]
[5, 6, 10, 7]
[4, 4, 7, 6]
[8, 6, 11, 13]
[7, 14, 13, 11]
[5, 7, 8, 10]
[8, 11, 9, 14]
[9, 7, 10, 11]
[10, 7, 9, 11]
[10, 14, 8, 15]
[8, 5, 11, 9]
[12, 7, 10, 11]
[12, 11, 10, 7]
[13, 17, 12, 10]
[7, 15, 9, 10]
[14, 8, 10, 11]
[14, 12, 10, 9]
[12, 8, 14, 15]
[4, 6, 4, 7]
[8, 7, 10, 13]
[14, 15, 10, 8]
[5, 10, 7, 8]
[7, 10, 8, 15]
[7, 10, 15, 8]
[10, 8, 5, 7]
[8, 7, 6, 5]
[10, 9, 6, 10]
[3, 4, 2, 3]
[5, 8, 7, 6]
[11, 10, 6, 8]
[9, 8, 5, 6]
[15, 10, 17, 9]
[8, 9, 5, 7]
[7, 9, 10, 6]
[6, 3, 4, 8]
[12, 20, 14, 9]
[14, 12, 9, 10]
[11, 18, 14, 13]
[15, 12, 16, 11]
[10, 11, 9, 13]
[7, 7, 3, 4]
[9, 11, 13, 7]
[7, 13, 14, 11]
[10, 9, 10, 6]
[12, 7, 11, 10]
[14, 8, 11, 9]
[9, 5, 8, 11]
[8, 15, 11, 14]
[5, 4, 4, 7]
[8, 7, 5, 9]
[3, 2, 3, 4]
[11, 7, 10, 9]
[10, 10, 7, 6]
[12, 18, 20, 19]
[17, 13, 9, 10]
[10, 16, 9, 15]
[11, 9, 17, 12]
[11, 8, 5, 9]
[10, 9, 11, 7]
[11, 13, 18, 19]
[28, 22, 19, 23]
[12, 14, 18, 17]
[15, 8, 14, 12]
[13, 14, 18, 11]
[9, 10, 14, 12]
[7, 6, 10, 9]
[15, 7, 11, 8]
[11, 6, 7, 8]
[4, 6, 7, 4]
[8, 14, 15, 12]
[8, 15, 14, 11]
[13, 15, 22, 25]
[10, 6, 10, 9]
[4, 7, 4, 5]
[14, 12, 18, 17]
[10, 8, 13, 7]
[8, 15, 14, 10]
[4, 4, 5, 3]
[13, 8, 11, 17]
[13, 17, 10, 12]
[9, 7, 5, 11]
[12, 23, 13, 20]
[15, 12, 9, 13]
[10, 15, 7, 8]
[3, 4, 5, 4]
[7, 6, 10, 5]
[12, 15, 16, 11]
[9, 12, 10, 14]
[11, 14, 19, 13]
[9, 6, 9, 7]
[4, 4, 7, 5]
[10, 7, 12, 8]
[13, 10, 11, 7]
[13, 11, 18, 14]
[8, 6, 5, 7]
[6, 5, 4, 7]
[25, 13, 16, 17]
[10, 11, 13, 9]
[8, 10, 14, 15]
[11, 10, 8, 6]
[24, 13, 25, 10]
[7, 8, 15, 11]
[14, 10, 15, 8]
[3, 3, 4, 2]
[13, 12, 10, 17]
[8, 9, 7, 5]
[9, 5, 7, 11]
[18, 15, 10, 19]
[21, 9, 13, 12]
[17, 10, 22, 21]
[11, 16, 12, 15]
[8, 3, 4, 6]
[6, 5, 10, 7]
[18, 20, 12, 19]
[7, 11, 9, 10]
[3, 2, 4, 3]
[9, 10, 13, 7]
[12, 9, 17, 11]
[12, 18, 14, 17]
[10, 5, 7, 8]
[14, 8, 18, 9]
[8, 6, 5, 9]
[12, 9, 14, 7]
[4, 2, 5, 5]
[15, 12, 13, 9]
[6, 7, 5, 10]
[15, 8, 10, 14]
[13, 23, 12, 20]
[13, 10, 11, 9]
[7, 7, 7, 3]
[18, 13, 14, 11]
[9, 10, 15, 16]
[21, 11, 15, 9]
[8, 10, 15, 11]
[15, 18, 10, 11]
[6, 8, 5, 7]
[7, 10, 5, 6]
[6, 3, 5, 6]
[11, 9, 5, 12]
[11, 17, 9, 12]
[6, 7, 5, 8]
[18, 10, 15, 19]
[11, 9, 5, 8]
[5, 11, 10, 7]
[11, 10, 13, 9]
[14, 8, 15, 10]
[8, 14, 15, 10]
[9, 15, 10, 16]
[7, 10, 9, 11]
[6, 8, 7, 5]
[8, 10, 15, 14]
[5, 10, 11, 7]
[9, 7, 12, 14]
[6, 4, 8, 9]
[18, 11, 14, 13]
[11, 8, 6, 10]
[4, 5, 4, 3]
[3, 4, 3, 2]
[9, 9, 7, 5]
[13, 6, 9, 8]
[12, 11, 15, 16]
[13, 20, 23, 12]
[10, 8, 7, 5]
[9, 5, 8, 5]
[17, 10, 9, 15]
[10, 9, 13, 11]
[9, 5, 7, 9]
[6, 3, 6, 5]
[11, 15, 16, 12]
[4, 7, 6, 4]
[14, 17, 12, 18]
[5, 6, 7, 8]
[11, 7, 8, 6]
[16, 26, 27, 20]
[19, 15, 10, 12]
[6, 7, 9, 10]
[8, 12, 14, 15]
[17, 13, 8, 10]
[19, 35, 17, 29]
[11, 10, 9, 13]
[8, 15, 10, 11]
[6, 13, 9, 12]
[10, 10, 6, 7]
[10, 14, 9, 12]
[8, 6, 7, 5]
[12, 20, 19, 18]
[15, 18, 11, 10]
[5, 6, 9, 11]
[9, 4, 6, 8]
[11, 9, 13, 10]
[11, 7, 5, 9]
[11, 14, 13, 19]
[13, 23, 20, 12]
[9, 14, 12, 10]
[13, 6, 8, 9]
[13, 9, 10, 11]
[16, 12, 24, 15]
[18, 12, 19, 20]
[8, 14, 11, 9]
[10, 13, 7, 8]
[21, 22, 14, 16]
[9, 8, 5, 11]
[11, 12, 9, 17]
[10, 10, 6, 9]
[14, 9, 10, 12]
[7, 12, 11, 10]
[12, 14, 17, 18]
[11, 5, 9, 7]
[12, 20, 23, 13]
[7, 10, 11, 12]
[11, 17, 13, 8]
[11, 8, 6, 7]
[5, 8, 6, 7]
[5, 10, 6, 7]
[9, 5, 9, 7]
[10, 13, 17, 8]
[14, 9, 7, 12]
[7, 10, 9, 6]
[17, 13, 14, 6]
[7, 15, 8, 10]
[5, 2, 4, 4]
[12, 11, 7, 10]
[15, 9, 17, 10]
[7, 13, 8, 11]
[15, 7, 10, 16]
[6, 5, 4, 9]
[7, 13, 11, 10]
[6, 10, 7, 5]
[8, 18, 14, 9]
[10, 7, 6, 10]
[8, 5, 6, 7]
[16, 13, 11, 6]
[13, 6, 8, 11]
[11, 8, 17, 12]
[8, 11, 10, 15]
[9, 10, 13, 11]
[5, 10, 7, 6]
[14, 17, 12, 9]
[7, 8, 8, 10]
[9, 6, 8, 5]
[6, 10, 7, 9]
[15, 8, 7, 11]
[18, 19, 20, 12]
[21, 13, 12, 9]
[10, 6, 8, 11]
[8, 11, 14, 10]
[12, 19, 18, 20]
[8, 5, 9, 6]
[12, 17, 11, 9]
[13, 17, 10, 8]
[12, 14, 8, 7]
[14, 8, 10, 15]
[25, 17, 13, 16]
[7, 15, 10, 13]
[13, 18, 19, 11]
[7, 15, 12, 11]
[10, 15, 9, 16]
[10, 5, 8, 7]
[6, 7, 8, 5]
[18, 20, 19, 12]
[9, 11, 13, 10]
[16, 12, 15, 24]
[10, 14, 15, 8]
[6, 5, 3, 6]
[15, 12, 8, 14]
[6, 7, 5, 4]
[8, 14, 12, 7]
[4, 11, 9, 9]
[6, 9, 10, 7]
[6, 5, 8, 7]
[9, 11, 5, 8]
[9, 8, 6, 5]
[17, 10, 9, 13]
[15, 10, 16, 7]
[13, 11, 14, 18]
[12, 15, 8, 14]
[21, 16, 10, 19]
[7, 8, 11, 15]
[7, 9, 6, 10]
[9, 9, 5, 7]
[6, 11, 14, 10]
[12, 16, 15, 24]
[11, 18, 13, 19]
[12, 16, 24, 15]
[8, 15, 14, 12]
[8, 15, 13, 10]
[6, 5, 7, 8]
[15, 11, 10, 18]
[9, 11, 5, 6]
[11, 17, 12, 8]
[21, 10, 19, 16]
[28, 22, 23, 19]
[11, 9, 21, 12]
[11, 13, 5, 12]
[8, 11, 10, 14]
[25, 16, 13, 17]
[12, 15, 14, 8]
[8, 10, 7, 15]
[7, 8, 10, 15]
[21, 16, 14, 22]
[8, 17, 13, 15]
[8, 11, 7, 13]
[9, 14, 7, 12]
[18, 13, 11, 14]
[10, 13, 7, 9]
[8, 9, 11, 14]
[16, 20, 26, 27]
[7, 9, 11, 5]
[7, 11, 8, 15]
[9, 6, 4, 5]
[15, 10, 14, 8]
[11, 15, 8, 14]
[12, 8, 15, 14]
[15, 13, 9, 12]
[13, 11, 18, 19]
[11, 7, 15, 8]
[5, 8, 7, 10]
[12, 11, 9, 17]
[6, 4, 5, 7]
[15, 9, 10, 17]
[9, 6, 14, 10]
[19, 13, 14, 11]
[11, 14, 18, 13]
[6, 14, 10, 5]
[10, 8, 7, 15]
[3, 8, 6, 4]
[8, 13, 7, 11]
[10, 11, 12, 7]
[16, 15, 12, 24]
[21, 9, 12, 13]
[15, 8, 12, 14]
[9, 7, 10, 13]
[11, 14, 15, 8]
[17, 22, 21, 10]
[8, 13, 17, 15]
[11, 5, 9, 8]
[8, 7, 12, 14]
[16, 15, 7, 10]
[8, 11, 9, 5]
[14, 8, 11, 10]
[7, 12, 10, 11]
[13, 11, 10, 7]
[15, 10, 8, 14]
[10, 9, 15, 7]
[8, 13, 6, 11]
[12, 15, 24, 16]
[6, 10, 14, 11]
[10, 9, 7, 13]
[5, 7, 6, 10]
[5, 8, 6, 10]
[9, 6, 5, 8]
[15, 24, 16, 12]
[14, 12, 17, 9]
[10, 8, 15, 7]
[12, 11, 17, 8]
[11, 14, 13, 7]
[10, 15, 8, 14]
[6, 9, 7, 10]
[10, 9, 16, 15]
[8, 12, 7, 14]
[13, 8, 17, 11]
[6, 8, 9, 4]
[13, 11, 10, 9]
[11, 6, 9, 5]
[27, 20, 16, 26]
[7, 12, 11, 15]
[21, 14, 22, 16]
[9, 11, 12, 5]
[11, 8, 7, 15]
[15, 14, 10, 8]
[9, 7, 13, 10]
[7, 10, 13, 11]
[18, 10, 19, 15]
[15, 22, 17, 23]
[4, 7, 4, 6]
[14, 10, 8, 11]
[17, 21, 11, 13]
[5, 6, 14, 6]
[7, 13, 9, 11]
[8, 14, 18, 17]
[12, 9, 7, 14]
[14, 7, 9, 12]
[7, 11, 10, 13]
[8, 9, 5, 11]
[9, 11, 12, 21]
[7, 12, 15, 11]
[12, 17, 18, 14]
[8, 14, 10, 15]
[9, 4, 6, 5]
[10, 14, 6, 9]
[7, 15, 10, 8]
[7, 11, 5, 9]
[10, 13, 8, 7]
[12, 9, 11, 5]
[6, 6, 3, 5]
[14, 9, 12, 10]
[7, 11, 9, 5]
[7, 10, 6, 9]
[15, 7, 16, 10]
[14, 18, 8, 9]
[8, 5, 9, 11]
[6, 3, 8, 4]
[16, 24, 12, 15]
[10, 11, 6, 8]
[8, 6, 9, 5]
[13, 25, 22, 15]
[9, 8, 5, 5]
[6, 5, 7, 10]
[10, 15, 19, 12]
[5, 11, 7, 10]
[13, 7, 10, 11]
[20, 16, 26, 27]
[7, 11, 10, 12]
[11, 21, 9, 12]
[7, 8, 11, 13]
[10, 11, 7, 12]
[9, 5, 11, 6]
[15, 11, 19, 10]
[9, 6, 5, 11]
[8, 4, 6, 3]
[18, 19, 10, 15]
[25, 17, 16, 13]
[7, 13, 10, 15]
[12, 7, 14, 8]
[16, 15, 10, 7]
[7, 7, 4, 3]
[10, 15, 16, 9]
[11, 8, 6, 13]
[8, 11, 13, 7]
[10, 11, 8, 6]
[9, 15, 16, 10]
[15, 9, 12, 13]
[11, 8, 10, 6]
[16, 7, 10, 15]
[13, 19, 11, 18]
[21, 12, 13, 9]
[12, 17, 14, 18]
[15, 10, 8, 11]
[9, 7, 14, 12]
[6, 9, 12, 13]
[13, 18, 14, 11]
[11, 7, 8, 15]
[15, 7, 6, 11]
[10, 8, 6, 11]
[9, 7, 5, 9]
[9, 16, 10, 15]
[14, 9, 12, 17]
[12, 19, 20, 18]
[19, 16, 10, 21]
[9, 11, 8, 5]
[12, 10, 9, 23]
[10, 7, 5, 8]
[27, 16, 26, 20]
[13, 10, 17, 8]
[8, 18, 9, 14]
[10, 7, 11, 12]
[12, 10, 11, 7]
[11, 9, 6, 5]
[7, 11, 9, 13]
[9, 16, 15, 10]
[7, 13, 11, 14]
[11, 21, 9, 15]
[12, 20, 18, 19]
[13, 11, 8, 17]
[5, 7, 4, 4]
[5, 9, 6, 4]
[9, 18, 8, 14]
[14, 10, 8, 15]
[12, 9, 11, 17]
[8, 4, 6, 9]
[8, 7, 11, 13]
[12, 20, 13, 23]
[6, 14, 6, 5]
[9, 8, 6, 4]
[21, 13, 9, 12]
[15, 17, 23, 22]
[9, 15, 10, 7]
[14, 11, 10, 8]
[4, 2, 4, 5]
[6, 9, 5, 4]
[8, 14, 11, 10]
[5, 8, 10, 7]
[9, 5, 6, 4]
[18, 12, 20, 19]
[22, 17, 10, 21]
[13, 14, 11, 18]
[5, 4, 9, 6]
[17, 23, 22, 15]
[6, 11, 9, 5]
[13, 19, 18, 11]
[14, 18, 17, 12]
[7, 9, 5, 11]
[8, 9, 14, 11]
[8, 14, 15, 11]
[9, 7, 11, 13]
[11, 5, 7, 9]
[13, 27, 11, 15]
[5, 10, 6, 8]
[21, 17, 22, 10]
[13, 11, 8, 6]
[11, 13, 19, 14]
[10, 15, 14, 8]
[15, 11, 7, 8]
[10, 8, 17, 13]
[14, 18, 9, 8]
[8, 7, 10, 15]
[7, 13, 11, 8]
[8, 4, 9, 6]
[11, 14, 8, 15]
[23, 22, 15, 17]
[11, 12, 17, 8]
[15, 17, 10, 9]
[10, 13, 11, 9]
[11, 13, 14, 7]
[15, 16, 24, 12]
[11, 13, 8, 6]
[7, 10, 11, 13]
[6, 9, 11, 5]
[7, 5, 6, 10]
[16, 10, 7, 15]
[10, 17, 13, 8]
[8, 11, 5, 9]
[15, 12, 24, 16]
[17, 11, 13, 21]
[6, 5, 9, 4]
[21, 10, 16, 19]
[10, 9, 11, 13]
[6, 9, 8, 4]
[18, 9, 8, 14]
[6, 9, 4, 5]
