[9, 4, 9, 6]
[11, 6, 7, 8]
[6, 10, 14, 11]
[12, 9, 18, 5]
[9, 8, 3, 7]
[5, 3, 7, 5]
[30, 20, 33, 14]
[2, 7, 6, 6]
[11, 14, 6, 19]
[8, 3, 8, 7]
[9, 14, 10, 15]
[7, 4, 8, 9]
[4, 8, 7, 6]
[12, 9, 8, 13]
[4, 7, 6, 5]
[21, 16, 9, 17]
[9, 7, 6, 5]
[12, 8, 9, 13]
[10, 9, 13, 8]
[5, 4, 5, 3]
[9, 5, 6, 8]
[7, 2, 4, 5]
[19, 8, 13, 9]
[11, 9, 7, 15]
[15, 20, 13, 6]
[3, 6, 10, 8]
[10, 3, 5, 7]
[11, 12, 6, 9]
[6, 7, 10, 6]
[9, 6, 10, 5]
[5, 6, 14, 15]
[7, 9, 10, 8]
[4, 3, 6, 7]
[10, 13, 4, 12]
[10, 9, 8, 3]
[8, 9, 14, 7]
[7, 6, 3, 10]
[15, 24, 14, 12]
[10, 10, 9, 8]
[15, 14, 11, 13]
[13, 10, 5, 14]
[11, 4, 13, 10]
[11, 8, 7, 9]
[9, 5, 12, 11]
[8, 11, 7, 6]
[11, 10, 14, 15]
[14, 21, 11, 12]
[19, 12, 10, 25]
[13, 5, 14, 6]
[3, 11, 12, 10]
[7, 15, 6, 18]
[17, 22, 6, 15]
[8, 11, 12, 6]
[15, 16, 18, 7]
[5, 3, 4, 5]
[7, 12, 11, 10]
[12, 7, 8, 17]
[8, 6, 3, 4]
[4, 14, 13, 11]
[4, 5, 6, 7]
[27, 30, 22, 29]
[4, 5, 7, 8]
[7, 6, 5, 7]
[4, 3, 6, 9]
[4, 6, 3, 4]
[9, 7, 5, 11]
[12, 5, 10, 11]
[11, 12, 6, 7]
[11, 8, 6, 11]
[10, 9, 19, 8]
[4, 7, 5, 8]
[16, 12, 7, 6]
[9, 14, 7, 6]
[9, 6, 7, 5]
[14, 17, 18, 12]
[11, 11, 12, 4]
[8, 5, 6, 15]
[9, 11, 14, 13]
[9, 10, 11, 3]
[7, 12, 10, 25]
[12, 6, 7, 5]
[15, 11, 14, 13]
[10, 9, 16, 15]
[5, 7, 10, 13]
[23, 19, 12, 15]
[6, 4, 5, 7]
[11, 17, 7, 5]
[6, 14, 11, 17]
[11, 13, 17, 7]
[4, 5, 9, 7]
[10, 7, 12, 4]
[4, 10, 12, 9]
[5, 5, 4, 3]
[8, 8, 5, 4]
[8, 9, 5, 8]
[7, 9, 8, 6]
[7, 8, 5, 7]
[6, 7, 10, 9]
[20, 15, 18, 16]
[10, 4, 9, 12]
[4, 4, 5, 2]
[15, 8, 5, 15]
[17, 6, 14, 5]
[15, 9, 18, 17]
[14, 16, 6, 9]
[7, 8, 9, 6]
[12, 4, 5, 14]
[13, 6, 10, 11]
[5, 8, 14, 18]
[16, 7, 8, 9]
[12, 15, 22, 14]
[3, 9, 6, 5]
[8, 12, 7, 9]
[15, 7, 10, 9]
[11, 12, 6, 8]
[6, 4, 7, 9]
[9, 7, 8, 3]
[5, 9, 8, 10]
[13, 5, 12, 11]
[5, 4, 3, 5]
[8, 2, 5, 8]
[8, 7, 9, 10]
[8, 18, 7, 19]
[8, 5, 9, 8]
[5, 10, 7, 9]
[8, 23, 9, 10]
[12, 14, 9, 7]
[6, 10, 7, 6]
[11, 12, 9, 4]
[5, 6, 13, 7]
[11, 14, 10, 15]
[23, 14, 26, 13]
[5, 10, 8, 9]
[13, 7, 8, 22]
[7, 10, 9, 8]
[6, 10, 7, 9]
[5, 10, 11, 7]
[6, 10, 5, 7]
[11, 7, 12, 4]
[12, 14, 15, 6]
[8, 11, 19, 9]
[9, 10, 6, 5]
[15, 12, 22, 14]
[8, 5, 8, 6]
[8, 13, 9, 10]
[10, 3, 11, 9]
[5, 9, 12, 13]
[7, 6, 3, 5]
[6, 13, 9, 15]
[4, 10, 7, 8]
[10, 3, 7, 8]
[13, 12, 11, 7]
[9, 13, 14, 6]
[9, 8, 3, 9]
[11, 7, 6, 8]
[7, 8, 6, 3]
[5, 10, 6, 7]
[6, 13, 4, 13]
[9, 4, 14, 14]
[9, 10, 13, 14]
[5, 9, 16, 17]
[4, 3, 10, 10]
[7, 8, 18, 19]
[9, 11, 7, 3]
[8, 7, 12, 9]
[11, 7, 10, 16]
[4, 6, 7, 9]
[6, 5, 4, 7]
[21, 12, 9, 11]
[9, 8, 4, 11]
[5, 7, 3, 5]
[9, 3, 10, 4]
[8, 16, 15, 12]
[7, 6, 8, 3]
[19, 19, 10, 13]
[7, 3, 4, 7]
[9, 9, 4, 6]
[5, 8, 10, 9]
[11, 7, 8, 9]
[3, 4, 6, 9]
[11, 8, 7, 13]
[3, 6, 8, 4]
[11, 7, 8, 5]
[5, 6, 10, 7]
[8, 4, 10, 11]
[12, 5, 13, 11]
[8, 3, 8, 9]
[13, 16, 17, 12]
[5, 16, 9, 17]
[4, 5, 7, 15]
[8, 10, 6, 11]
[7, 5, 6, 3]
[8, 15, 16, 12]
[10, 13, 12, 6]
[10, 9, 10, 8]
[27, 20, 11, 21]
[15, 22, 12, 14]
[7, 5, 10, 9]
[11, 10, 4, 5]
[7, 10, 5, 9]
[13, 10, 6, 11]
[6, 15, 16, 14]
[8, 10, 13, 11]
[8, 10, 13, 8]
[8, 9, 13, 10]
[13, 12, 6, 5]
[9, 13, 14, 8]
[14, 13, 16, 5]
[11, 4, 9, 6]
[7, 10, 11, 9]
[25, 8, 14, 7]
[15, 10, 11, 9]
[8, 3, 4, 5]
[19, 22, 7, 10]
[8, 6, 3, 7]
[6, 17, 7, 19]
[5, 14, 4, 6]
[13, 6, 14, 11]
[4, 8, 10, 7]
[7, 5, 6, 7]
[14, 5, 12, 11]
[18, 8, 11, 13]
[9, 3, 10, 11]
[7, 9, 8, 3]
[20, 18, 15, 16]
[15, 8, 18, 21]
[5, 6, 11, 4]
[12, 9, 12, 10]
[10, 13, 14, 9]
[12, 4, 7, 6]
[10, 7, 12, 8]
[4, 11, 6, 11]
[4, 6, 3, 7]
[7, 9, 15, 5]
[9, 5, 8, 12]
[15, 18, 7, 13]
[8, 6, 14, 7]
[20, 11, 8, 28]
[13, 9, 6, 10]
[7, 24, 11, 16]
[6, 12, 4, 5]
[12, 19, 11, 9]
[8, 24, 13, 12]
[9, 13, 11, 5]
[5, 14, 13, 7]
[9, 6, 4, 11]
[12, 7, 6, 5]
[18, 30, 14, 15]
[10, 4, 9, 10]
[9, 5, 8, 7]
[8, 10, 11, 6]
[6, 13, 17, 10]
[20, 12, 22, 23]
[11, 5, 14, 6]
[12, 15, 7, 6]
[7, 9, 3, 5]
[7, 6, 15, 15]
[9, 7, 17, 17]
[5, 8, 11, 4]
[5, 8, 9, 10]
[10, 12, 11, 8]
[10, 11, 12, 8]
[13, 12, 7, 9]
[6, 7, 5, 8]
[13, 6, 9, 10]
[3, 4, 7, 6]
[18, 16, 7, 10]
[10, 9, 15, 8]
[5, 4, 6, 5]
[5, 7, 10, 9]
[6, 13, 12, 5]
[4, 9, 6, 7]
[8, 7, 17, 6]
[11, 8, 3, 7]
[13, 11, 10, 7]
[11, 6, 10, 3]
[7, 5, 13, 7]
[6, 10, 5, 3]
[11, 9, 10, 5]
[7, 4, 9, 3]
[6, 8, 12, 5]
[12, 6, 4, 11]
[9, 14, 13, 6]
[8, 6, 16, 9]
[10, 13, 8, 12]
[9, 3, 6, 5]
[12, 10, 5, 11]
[9, 8, 5, 7]
[8, 11, 3, 7]
[6, 8, 11, 19]
[7, 11, 12, 10]
[2, 3, 5, 6]
[6, 10, 9, 21]
[8, 5, 10, 7]
[11, 8, 7, 5]
[13, 14, 6, 5]
[6, 9, 8, 5]
[7, 4, 11, 5]
[23, 14, 17, 15]
[8, 3, 6, 7]
[13, 16, 11, 15]
[12, 11, 7, 10]
[12, 7, 4, 6]
[8, 5, 3, 7]
[2, 8, 4, 7]
[12, 14, 17, 15]
[9, 7, 4, 5]
[10, 5, 3, 7]
[7, 3, 6, 5]
[2, 4, 3, 1]
[12, 10, 8, 11]
[23, 17, 18, 9]
[9, 8, 12, 11]
[5, 9, 4, 7]
[10, 4, 13, 12]
[8, 4, 3, 5]
[6, 9, 10, 21]
[9, 12, 8, 11]
[12, 15, 33, 14]
[6, 7, 4, 9]
[8, 3, 7, 11]
[7, 6, 5, 3]
[13, 10, 5, 6]
[11, 9, 6, 7]
[8, 6, 18, 7]
[6, 16, 17, 15]
[8, 8, 5, 6]
[7, 9, 4, 3]
[5, 11, 14, 15]
[10, 14, 13, 9]
[13, 18, 6, 11]
[4, 11, 5, 4]
[8, 6, 18, 9]
[7, 12, 16, 8]
[10, 22, 14, 11]
[13, 6, 4, 13]
[10, 12, 7, 8]
[11, 10, 7, 16]
[10, 14, 9, 15]
[4, 15, 7, 5]
[8, 4, 11, 10]
[11, 9, 7, 3]
[17, 13, 14, 7]
[6, 20, 19, 5]
[11, 12, 11, 4]
[6, 10, 9, 5]
[11, 7, 8, 13]
[9, 10, 14, 15]
[3, 7, 8, 6]
[11, 10, 9, 5]
[10, 15, 16, 11]
[13, 17, 16, 12]
[4, 6, 7, 5]
[4, 5, 11, 11]
[3, 6, 7, 12]
[8, 7, 11, 6]
[9, 8, 7, 3]
[8, 7, 10, 5]
[9, 10, 5, 4]
[11, 8, 5, 11]
[9, 16, 6, 14]
[4, 6, 9, 7]
[9, 22, 20, 8]
[6, 10, 11, 7]
[8, 5, 8, 4]
[7, 7, 6, 2]
[23, 10, 24, 25]
[8, 19, 10, 23]
[8, 6, 10, 11]
[13, 4, 6, 13]
[13, 8, 6, 19]
[8, 9, 19, 10]
[3, 6, 4, 9]
[3, 7, 6, 8]
[8, 14, 20, 9]
[11, 10, 7, 9]
[17, 16, 8, 7]
[12, 14, 9, 10]
[3, 6, 7, 8]
[7, 10, 8, 5]
[6, 5, 2, 7]
[6, 17, 13, 10]
[3, 8, 10, 11]
[11, 5, 12, 13]
[6, 4, 9, 7]
[11, 14, 12, 5]
[6, 7, 19, 8]
[12, 6, 18, 5]
[20, 7, 20, 8]
[14, 14, 4, 7]
[7, 24, 12, 6]
[10, 10, 3, 8]
[12, 7, 15, 6]
[25, 14, 8, 7]
[21, 9, 16, 17]
[6, 4, 10, 5]
[17, 6, 10, 11]
[12, 10, 11, 6]
[4, 3, 7, 6]
[12, 16, 15, 17]
[10, 16, 9, 15]
[15, 13, 16, 5]
[9, 6, 12, 7]
[16, 8, 7, 9]
[15, 7, 18, 13]
[6, 15, 18, 7]
[8, 11, 4, 10]
[9, 5, 12, 13]
[4, 5, 11, 4]
[12, 8, 18, 9]
[15, 8, 10, 17]
[6, 13, 5, 4]
[5, 9, 19, 11]
[17, 18, 10, 11]
[15, 8, 10, 15]
[11, 10, 5, 3]
[11, 5, 8, 11]
[9, 9, 3, 5]
[21, 10, 29, 13]
[9, 8, 5, 12]
[12, 6, 5, 15]
[19, 14, 22, 9]
[15, 8, 22, 6]
[11, 13, 14, 6]
[6, 11, 4, 11]
[7, 8, 4, 9]
[9, 20, 19, 16]
[9, 11, 7, 5]
[4, 8, 7, 9]
[11, 9, 12, 4]
[7, 15, 6, 15]
[11, 9, 4, 6]
[7, 8, 10, 5]
[14, 9, 6, 7]
[34, 33, 14, 32]
[11, 8, 12, 5]
[13, 7, 8, 18]
[5, 8, 13, 9]
[6, 4, 12, 15]
[19, 12, 5, 13]
[10, 7, 17, 16]
[16, 7, 20, 15]
[6, 15, 12, 5]
[15, 10, 8, 15]
[14, 10, 16, 7]
[12, 11, 15, 5]
[17, 21, 8, 11]
[8, 5, 12, 13]
[4, 11, 9, 9]
[6, 5, 7, 8]
[3, 5, 6, 8]
[10, 19, 8, 23]
[7, 3, 9, 5]
[9, 7, 11, 5]
[11, 9, 6, 19]
[10, 15, 9, 8]
[9, 11, 13, 5]
[9, 4, 10, 7]
[22, 13, 18, 15]
[11, 6, 13, 4]
[5, 14, 9, 11]
[8, 10, 4, 11]
[5, 4, 14, 6]
[10, 13, 9, 8]
[5, 2, 6, 7]
[5, 13, 6, 7]
[8, 5, 11, 12]
[12, 18, 14, 5]
[4, 7, 6, 9]
[9, 10, 4, 7]
[9, 12, 5, 11]
[9, 13, 10, 14]
[11, 3, 6, 10]
[8, 9, 10, 11]
[9, 4, 6, 11]
[12, 5, 4, 14]
[4, 6, 10, 5]
[13, 5, 9, 3]
[9, 12, 19, 11]
[8, 11, 5, 12]
[13, 11, 16, 15]
[4, 10, 7, 9]
[5, 8, 18, 11]
[8, 4, 10, 5]
[4, 11, 7, 10]
[8, 10, 7, 5]
[7, 6, 10, 9]
[11, 12, 7, 4]
[7, 4, 15, 5]
[5, 6, 8, 4]
[9, 5, 16, 19]
[4, 7, 8, 6]
[13, 14, 5, 7]
[17, 18, 14, 19]
[3, 4, 10, 10]
[15, 9, 7, 17]
[7, 4, 3, 7]
[17, 14, 13, 7]
[4, 7, 10, 8]
[12, 13, 16, 17]
