[5, 2, 5, 3]
[9, 5, 6, 7]
[3, 5, 7, 6]
[4, 3, 7, 2]
[11, 10, 4, 9]
[6, 4, 9, 6]
[15, 10, 16, 7]
[2, 7, 5, 5]
[7, 10, 4, 13]
[8, 3, 9, 7]
[4, 6, 5, 8]
[5, 3, 6, 7]
[4, 9, 6, 6]
[6, 5, 4, 8]
[7, 14, 10, 9]
[4, 3, 2, 4]
[9, 7, 6, 5]
[6, 4, 5, 8]
[4, 3, 5, 3]
[6, 5, 7, 4]
[7, 4, 5, 7]
[3, 1, 2, 3]
[4, 2, 3, 2]
[11, 14, 9, 4]
[1, 2, 3, 3]
[6, 2, 3, 4]
[4, 4, 2, 3]
[3, 4, 5, 3]
[4, 5, 12, 12]
[4, 2, 2, 3]
[4, 6, 7, 5]
[5, 4, 6, 8]
[7, 9, 3, 8]
[13, 11, 10, 4]
[6, 5, 3, 9]
[10, 14, 9, 7]
[9, 7, 5, 6]
[3, 2, 1, 3]
[7, 5, 4, 7]
[5, 3, 7, 6]
[4, 5, 3, 3]
[9, 6, 5, 7]
[5, 4, 3, 8]
[4, 4, 5, 3]
[8, 3, 9, 4]
[2, 7, 8, 6]
[4, 8, 3, 9]
[5, 7, 2, 5]
[8, 10, 13, 6]
[7, 7, 8, 3]
[4, 2, 3, 4]
[3, 7, 6, 5]
[8, 6, 11, 13]
[5, 3, 4, 8]
[11, 6, 4, 5]
[3, 10, 10, 8]
[4, 5, 6, 8]
[16, 19, 12, 18]
[7, 10, 15, 16]
[10, 8, 6, 9]
[4, 3, 5, 8]
[4, 5, 3, 4]
[6, 7, 4, 5]
[10, 9, 17, 7]
[3, 6, 5, 7]
[6, 4, 3, 2]
[3, 5, 2, 2]
[9, 6, 7, 5]
[5, 6, 7, 4]
[7, 8, 9, 3]
[4, 3, 3, 9]
[4, 5, 7, 6]
[6, 7, 8, 2]
[4, 7, 6, 15]
[9, 6, 9, 8]
[3, 3, 5, 4]
[3, 4, 5, 8]
[9, 6, 8, 10]
[4, 7, 3, 2]
[3, 7, 5, 8]
[6, 6, 9, 4]
[7, 5, 8, 3]
[3, 7, 8, 7]
[9, 9, 8, 6]
[7, 5, 4, 3]
[5, 7, 3, 6]
[5, 7, 6, 4]
[2, 2, 5, 3]
[9, 5, 7, 6]
[8, 3, 7, 9]
[5, 6, 7, 3]
[5, 3, 2, 5]
[12, 5, 12, 4]
[9, 11, 4, 6]
[12, 4, 5, 12]
[3, 5, 8, 10]
[7, 10, 14, 9]
[3, 9, 6, 5]
[3, 5, 3, 4]
[7, 4, 5, 3]
[11, 9, 10, 4]
[3, 1, 3, 2]
[8, 2, 5, 7]
[5, 12, 4, 12]
[3, 7, 5, 6]
[3, 9, 3, 4]
[4, 4, 3, 2]
[3, 5, 4, 3]
[8, 9, 7, 3]
[9, 8, 9, 6]
[5, 6, 4, 8]
[7, 4, 5, 14]
[4, 7, 6, 5]
[2, 5, 2, 3]
[3, 2, 3, 1]
[2, 3, 5, 2]
[10, 13, 8, 6]
[10, 7, 14, 9]
[6, 4, 7, 5]
[7, 2, 8, 6]
[10, 10, 8, 3]
[10, 9, 4, 7]
[4, 9, 6, 11]
[5, 7, 8, 3]
[13, 10, 4, 11]
[4, 9, 3, 8]
[2, 1, 3, 3]
[7, 9, 12, 13]
[3, 2, 7, 7]
[3, 3, 2, 1]
[9, 7, 17, 10]
[7, 4, 6, 10]
[4, 3, 2, 2]
[7, 5, 3, 8]
[12, 4, 12, 5]
[5, 2, 3, 5]
[2, 2, 3, 5]
[3, 5, 8, 4]
[11, 10, 5, 7]
[7, 3, 7, 8]
[1, 3, 2, 3]
[3, 3, 4, 9]
[5, 6, 3, 7]
[10, 7, 9, 4]
[3, 6, 7, 5]
[5, 7, 6, 3]
[9, 12, 7, 13]
[9, 6, 4, 7]
[10, 14, 7, 9]
[9, 8, 3, 4]
[3, 8, 9, 7]
[3, 4, 5, 4]
[9, 8, 4, 3]
[6, 2, 4, 3]
[12, 4, 6, 3]
[8, 9, 3, 4]
[10, 7, 4, 9]
[4, 12, 5, 12]
[5, 14, 4, 7]
[4, 2, 4, 3]
[11, 4, 10, 9]
[7, 3, 4, 5]
[6, 4, 7, 10]
[6, 2, 7, 8]
[2, 8, 6, 7]
[7, 9, 8, 3]
[9, 10, 17, 7]
[10, 3, 5, 4]
[2, 5, 3, 5]
[9, 10, 16, 6]
[3, 2, 5, 2]
[15, 8, 6, 22]
[4, 6, 9, 11]
[2, 7, 3, 4]
[6, 16, 10, 9]
[2, 5, 5, 3]
[9, 6, 4, 11]
[7, 3, 5, 8]
[1, 3, 3, 2]
[9, 6, 7, 4]
[5, 8, 4, 3]
[4, 3, 8, 9]
[4, 3, 9, 8]
[6, 9, 11, 4]
[3, 5, 6, 7]
[6, 7, 5, 4]
[4, 5, 4, 3]
[4, 4, 3, 6]
[9, 4, 6, 7]
[4, 6, 11, 9]
[5, 5, 2, 3]
[7, 9, 14, 10]
[4, 3, 5, 4]
[12, 16, 19, 18]
[4, 9, 8, 3]
[3, 5, 4, 4]
[4, 3, 9, 3]
[3, 3, 1, 2]
[10, 6, 16, 9]
[9, 14, 7, 4]
[8, 4, 9, 3]
[9, 4, 3, 8]
[10, 16, 15, 7]
[4, 3, 8, 5]
[8, 12, 3, 7]
[5, 6, 7, 14]
[3, 4, 8, 9]
[5, 8, 7, 15]
[12, 12, 5, 4]
[4, 2, 7, 3]
[10, 4, 7, 9]
[9, 9, 6, 8]
[7, 5, 3, 4]
[10, 5, 3, 8]
[9, 4, 7, 6]
[9, 14, 11, 4]
[5, 4, 7, 6]
[8, 13, 6, 10]
[5, 7, 4, 6]
[3, 4, 9, 3]
[6, 7, 4, 10]
[10, 9, 14, 7]
[8, 3, 7, 12]
[9, 7, 6, 4]
[8, 9, 4, 3]
[6, 9, 3, 5]
[3, 9, 4, 3]
[11, 7, 10, 5]
[6, 5, 15, 8]
[2, 5, 3, 2]
[4, 14, 7, 5]
[7, 3, 8, 7]
[6, 3, 2, 4]
[11, 8, 7, 3]
[6, 19, 15, 5]
[3, 4, 9, 8]
[4, 7, 9, 14]
[11, 10, 9, 4]
[5, 5, 3, 2]
[6, 11, 4, 9]
[5, 5, 7, 2]
[5, 12, 12, 4]
[11, 11, 10, 3]
[3, 8, 4, 9]
[3, 7, 2, 7]
[9, 3, 4, 8]
[4, 3, 2, 7]
[3, 7, 7, 8]
[2, 3, 2, 5]
[10, 6, 8, 9]
[4, 8, 3, 5]
[3, 8, 7, 5]
[8, 9, 6, 10]
[7, 8, 15, 5]
[3, 3, 9, 4]
[15, 8, 22, 6]
[9, 10, 14, 7]
[10, 8, 3, 5]
[5, 14, 7, 4]
[10, 10, 3, 8]
[7, 3, 8, 9]
[9, 6, 11, 4]
[7, 12, 9, 13]
[12, 6, 4, 3]
[10, 7, 17, 9]
[14, 5, 8, 9]
[4, 3, 4, 2]
[10, 7, 16, 15]
[6, 9, 8, 10]
[9, 11, 6, 4]
[10, 8, 10, 3]
[10, 6, 13, 8]
[5, 15, 19, 6]
[7, 8, 3, 7]
[15, 16, 10, 7]
[11, 6, 8, 13]
[4, 7, 14, 9]
[8, 6, 3, 2]
[8, 4, 3, 9]
[3, 5, 2, 5]
[9, 7, 14, 10]
[9, 7, 12, 13]
[3, 2, 2, 5]
[4, 6, 9, 6]
[3, 2, 6, 8]
[11, 7, 3, 8]
[3, 2, 5, 5]
[3, 9, 4, 8]
[19, 6, 15, 5]
[11, 5, 4, 6]
[8, 7, 9, 3]
[5, 3, 7, 8]
[3, 8, 7, 7]
[7, 3, 8, 5]
[10, 8, 13, 6]
[8, 5, 10, 3]
[3, 8, 5, 7]
[7, 8, 3, 9]
[5, 4, 14, 7]
[5, 14, 6, 7]
[4, 7, 6, 10]
[9, 4, 6, 11]
[9, 6, 16, 10]
[12, 5, 4, 12]
[8, 3, 6, 2]
[5, 7, 3, 8]
[2, 3, 7, 4]
[9, 4, 11, 6]
[5, 3, 8, 10]
[9, 8, 6, 10]
[2, 3, 7, 7]
[7, 8, 7, 3]
[8, 6, 13, 10]
[15, 7, 10, 16]
[6, 7, 5, 14]
[3, 8, 5, 4]
[16, 7, 4, 6]
[3, 5, 6, 9]
[7, 5, 14, 6]
[7, 8, 5, 3]
[3, 5, 4, 8]
[6, 8, 9, 10]
[5, 4, 12, 12]
[11, 5, 6, 4]
[3, 8, 7, 9]
[4, 9, 3, 3]
[8, 15, 5, 7]
[11, 3, 10, 11]
[2, 5, 5, 7]
[2, 3, 3, 1]
[6, 8, 13, 10]
[9, 14, 7, 10]
[4, 11, 9, 6]
[6, 8, 11, 13]
[8, 6, 9, 10]
[3, 9, 7, 8]
[3, 8, 9, 4]
[4, 5, 13, 6]
[14, 8, 9, 5]
[5, 13, 4, 6]
[4, 7, 5, 6]
[6, 7, 14, 5]
[11, 8, 6, 13]
[7, 4, 3, 5]
[6, 9, 4, 11]
[4, 3, 4, 6]
[6, 9, 5, 3]
[4, 8, 9, 3]
[10, 3, 4, 5]
[15, 5, 19, 6]
[7, 14, 9, 10]
[11, 6, 5, 4]
[8, 9, 16, 5]
[7, 16, 10, 15]
[6, 4, 2, 3]
[10, 13, 6, 8]
[5, 9, 16, 8]
[5, 3, 8, 7]
[6, 5, 19, 15]
[9, 3, 8, 4]
[15, 10, 7, 16]
[6, 3, 4, 2]
[7, 3, 7, 2]
[8, 5, 16, 9]
[5, 4, 8, 3]
[3, 5, 8, 7]
[8, 7, 3, 9]
[8, 5, 4, 2]
[6, 15, 19, 5]
[9, 8, 16, 5]
[6, 15, 5, 19]
[6, 4, 9, 11]
[11, 9, 4, 14]
[7, 10, 17, 9]
[5, 15, 6, 8]
[5, 9, 3, 6]
[7, 2, 6, 8]
[7, 7, 3, 8]
[5, 3, 9, 6]
[3, 5, 7, 8]
[3, 7, 8, 9]
[11, 4, 5, 6]
[4, 9, 14, 11]
[4, 8, 5, 3]
[6, 11, 8, 13]
[8, 7, 12, 3]
[3, 2, 4, 7]
[9, 7, 4, 6]
[7, 4, 13, 10]
[6, 13, 8, 10]
[5, 6, 14, 7]
[4, 7, 5, 14]
[5, 8, 3, 4]
[7, 14, 4, 5]
[4, 12, 12, 5]
[4, 11, 6, 9]
[9, 4, 8, 3]
[12, 12, 4, 5]
[8, 11, 6, 13]
[2, 3, 5, 5]
[5, 7, 14, 4]
[5, 7, 4, 14]
[19, 15, 6, 5]
[5, 8, 3, 7]
[6, 13, 10, 8]
[2, 3, 1, 3]
[3, 5, 9, 6]
[9, 5, 16, 8]
[3, 4, 7, 2]
[4, 5, 8, 3]
[5, 8, 9, 16]
[7, 3, 9, 8]
[6, 9, 6, 4]
[4, 5, 3, 8]
[4, 10, 7, 13]
[7, 9, 17, 10]
[10, 11, 11, 3]
[8, 3, 4, 9]
[12, 3, 4, 6]
[9, 6, 10, 17]
[8, 15, 22, 6]
[5, 2, 7, 5]
[4, 14, 11, 9]
[8, 2, 3, 6]
[7, 16, 15, 10]
[8, 7, 2, 5]
[11, 5, 10, 7]
[13, 4, 7, 9]
[7, 15, 10, 16]
[7, 8, 12, 3]
[8, 2, 7, 6]
[12, 19, 16, 18]
[9, 16, 6, 10]
[10, 4, 3, 5]
[6, 5, 7, 14]
[8, 4, 5, 2]
[3, 9, 5, 6]
[15, 7, 16, 10]
[8, 3, 5, 10]
[5, 8, 10, 3]
[7, 2, 7, 3]
[3, 7, 8, 5]
[2, 3, 8, 6]
[7, 4, 14, 5]
[3, 7, 7, 2]
[11, 4, 9, 10]
[12, 10, 4, 3]
[6, 10, 13, 8]
[6, 5, 9, 3]
[3, 5, 5, 2]
[5, 6, 9, 3]
[3, 9, 8, 7]
[5, 10, 8, 3]
[3, 9, 8, 4]
[10, 8, 5, 3]
[9, 16, 10, 6]
[4, 13, 7, 10]
[8, 16, 9, 5]
[5, 3, 8, 4]
[3, 4, 3, 9]
[7, 9, 10, 18]
[5, 10, 3, 8]
[10, 16, 7, 15]
[10, 4, 9, 7]
[11, 9, 4, 10]
[10, 9, 7, 4]
[17, 6, 10, 13]
[2, 6, 7, 8]
[10, 16, 6, 9]
[7, 5, 6, 14]
[4, 4, 4, 1]
[7, 6, 4, 10]
[8, 5, 15, 6]
[7, 3, 8, 12]
[10, 5, 8, 3]
[15, 5, 6, 19]
[8, 15, 5, 6]
[11, 4, 6, 5]
[13, 4, 9, 7]
[14, 8, 5, 9]
[7, 14, 6, 5]
[5, 3, 5, 2]
[5, 14, 7, 6]
[11, 5, 3, 7]
[7, 8, 6, 2]
[7, 3, 5, 4]
[4, 9, 11, 6]
[5, 8, 7, 3]
[6, 4, 11, 9]
[16, 12, 19, 18]
[11, 3, 7, 8]
[3, 8, 4, 5]
[3, 7, 9, 8]
[19, 5, 15, 6]
[5, 8, 7, 2]
[2, 5, 7, 5]
[2, 7, 4, 3]
[4, 9, 7, 14]
[3, 12, 8, 7]
[5, 2, 7, 8]
