[4, 4, 3, 5, 5]
[16, 15, 12, 13, 10]
[17, 16, 22, 13, 19]
[8, 8, 8, 7, 5]
[10, 17, 13, 10, 8]
[6, 5, 10, 7, 5]
[13, 8, 9, 10, 7]
[9, 9, 12, 5, 11]
[14, 11, 9, 7, 8]
[9, 9, 8, 5, 9]
[12, 8, 7, 11, 10]
[8, 11, 10, 8, 15]
[18, 26, 24, 27, 23]
[10, 6, 7, 8, 11]
[4, 8, 8, 8, 5]
[9, 8, 9, 9, 5]
[11, 10, 6, 10, 9]
[10, 11, 17, 16, 13]
[5, 8, 11, 10, 6]
[6, 8, 10, 11, 7]
[8, 9, 10, 7, 13]
[10, 5, 7, 5, 6]
[10, 8, 9, 6, 6]
[10, 8, 13, 7, 9]
[18, 16, 11, 15, 19]
[12, 9, 11, 9, 5]
[7, 6, 11, 9, 11]
[15, 16, 12, 10, 13]
[8, 9, 5, 9, 9]
[19, 18, 21, 13, 15]
[6, 10, 7, 13, 8]
[14, 18, 19, 11, 16]
[10, 8, 15, 11, 8]
[7, 11, 7, 6, 9]
[9, 9, 7, 6, 8]
[7, 7, 8, 11, 6]
[5, 8, 7, 8, 8]
[11, 14, 12, 9, 13]
[13, 9, 14, 12, 11]
[7, 11, 6, 9, 11]
[6, 7, 10, 5, 5]
[5, 4, 2, 4, 2]
[4, 7, 8, 5, 8]
[6, 7, 9, 11, 7]
[6, 5, 5, 3, 4]
[8, 10, 13, 12, 13]
[13, 13, 6, 10, 11]
[7, 14, 10, 9, 13]
[4, 5, 5, 3, 4]
[11, 17, 16, 10, 13]
[13, 20, 16, 14, 10]
[8, 8, 8, 4, 5]
[8, 4, 5, 8, 7]
[4, 5, 8, 8, 8]
[17, 10, 8, 7, 12]
[8, 5, 7, 8, 8]
[5, 8, 8, 4, 7]
[13, 12, 7, 11, 10]
[21, 23, 18, 22, 15]
[12, 10, 16, 13, 9]
[12, 16, 10, 15, 13]
[11, 20, 15, 18, 21]
[6, 7, 8, 11, 7]
[12, 7, 14, 6, 10]
[15, 17, 13, 16, 10]
[10, 9, 6, 6, 8]
[13, 14, 10, 8, 15]
[19, 18, 15, 13, 21]
[13, 11, 8, 6, 6]
[12, 9, 14, 13, 11]
[9, 8, 7, 13, 10]
[12, 16, 13, 9, 10]
[3, 7, 7, 4, 5]
[13, 9, 7, 10, 11]
[8, 6, 9, 6, 10]
[16, 12, 10, 13, 15]
[11, 7, 11, 6, 9]
[15, 8, 11, 9, 16]
[6, 7, 9, 7, 11]
[16, 15, 10, 13, 12]
[12, 29, 18, 11, 14]
[18, 11, 16, 19, 15]
[9, 10, 8, 6, 6]
[10, 6, 8, 9, 6]
[17, 13, 11, 10, 16]
[16, 15, 10, 12, 13]
[9, 7, 6, 11, 11]
[8, 5, 8, 4, 8]
[10, 8, 5, 11, 7]
[11, 8, 6, 7, 8]
[7, 6, 11, 7, 8]
[10, 10, 11, 6, 13]
[6, 4, 8, 6, 9]
[9, 11, 7, 7, 6]
[11, 8, 7, 10, 6]
[10, 9, 7, 9, 11]
[12, 9, 11, 14, 13]
[9, 10, 7, 6, 9]
[15, 16, 17, 14, 10]
[8, 8, 7, 5, 4]
[4, 8, 8, 7, 5]
[10, 13, 15, 17, 16]
[15, 13, 12, 10, 16]
[9, 6, 8, 9, 7]
[7, 5, 10, 6, 5]
[21, 10, 13, 18, 9]
[11, 12, 9, 13, 14]
[8, 9, 13, 13, 6]
[15, 8, 10, 13, 14]
[11, 7, 10, 8, 6]
[8, 10, 9, 6, 6]
[14, 12, 9, 10, 8]
[5, 4, 6, 3, 5]
[9, 6, 10, 11, 10]
[11, 10, 13, 10, 6]
[7, 11, 9, 9, 10]
[4, 4, 5, 3, 5]
[7, 8, 11, 10, 6]
[5, 7, 8, 4, 6]
[16, 16, 14, 11, 15]
[8, 5, 4, 8, 8]
[11, 13, 10, 17, 16]
[5, 8, 8, 8, 7]
[8, 7, 11, 7, 6]
[11, 7, 10, 8, 12]
[3, 5, 4, 4, 5]
[6, 8, 9, 6, 10]
[10, 11, 6, 8, 7]
[10, 13, 9, 8, 7]
[9, 16, 20, 13, 19]
[8, 9, 10, 14, 12]
[4, 8, 6, 5, 7]
[10, 8, 9, 7, 13]
[11, 10, 9, 9, 7]
[7, 7, 8, 6, 11]
[9, 13, 10, 8, 7]
[11, 7, 10, 6, 8]
[16, 13, 11, 17, 10]
[12, 14, 10, 9, 8]
[12, 8, 10, 17, 11]
[9, 14, 12, 13, 11]
[8, 7, 8, 8, 5]
[11, 13, 9, 10, 7]
[4, 7, 8, 8, 5]
[7, 9, 10, 13, 11]
[6, 7, 11, 7, 9]
[5, 10, 6, 7, 5]
[17, 13, 10, 16, 11]
[6, 4, 5, 8, 7]
[6, 10, 9, 9, 7]
[16, 12, 13, 15, 10]
[7, 9, 11, 10, 9]
[10, 8, 11, 15, 8]
[10, 13, 14, 20, 16]
[9, 10, 7, 13, 11]
[7, 13, 10, 12, 11]
[10, 13, 16, 15, 12]
[8, 15, 8, 11, 10]
[5, 10, 7, 5, 6]
[11, 10, 7, 9, 9]
[14, 10, 8, 9, 12]
[12, 9, 13, 7, 15]
[4, 5, 5, 4, 3]
[7, 8, 9, 13, 10]
[7, 8, 10, 13, 9]
[16, 15, 13, 12, 10]
[10, 11, 12, 8, 7]
[7, 10, 12, 8, 11]
[10, 14, 8, 9, 12]
[8, 9, 9, 7, 6]
[12, 9, 8, 14, 10]
[11, 6, 10, 10, 9]
[13, 15, 7, 9, 12]
[9, 9, 7, 11, 10]
[3, 4, 6, 5, 5]
[13, 10, 8, 18, 9]
[21, 13, 15, 19, 18]
[11, 11, 9, 6, 7]
[6, 10, 13, 9, 8]
[7, 18, 8, 12, 14]
[13, 11, 12, 11, 7]
[16, 9, 11, 12, 8]
[14, 15, 13, 10, 8]
[23, 21, 22, 18, 15]
[4, 8, 5, 7, 8]
[11, 7, 7, 6, 9]
[7, 11, 10, 8, 6]
[11, 16, 8, 15, 9]
[13, 10, 11, 9, 6]
[7, 7, 6, 8, 11]
[11, 7, 6, 9, 11]
[23, 21, 15, 22, 18]
[10, 9, 13, 16, 12]
[5, 7, 8, 8, 4]
[8, 9, 9, 5, 9]
[6, 7, 8, 9, 9]
[5, 2, 4, 4, 2]
[11, 15, 16, 16, 14]
[3, 6, 5, 5, 4]
[22, 15, 18, 23, 21]
[9, 15, 7, 12, 10]
[6, 5, 4, 3, 5]
[10, 7, 5, 8, 11]
[6, 8, 11, 8, 7]
[6, 4, 3, 5, 5]
[7, 8, 9, 10, 13]
[7, 6, 9, 9, 8]
[16, 12, 9, 13, 10]
[9, 14, 8, 10, 12]
[11, 10, 9, 10, 6]
[13, 7, 10, 14, 9]
[11, 9, 10, 13, 7]
[7, 11, 13, 12, 10]
[6, 11, 13, 10, 10]
[10, 7, 13, 8, 16]
[7, 13, 10, 14, 9]
[8, 9, 10, 12, 14]
[6, 5, 5, 4, 3]
[21, 18, 13, 15, 19]
[16, 10, 13, 12, 9]
[10, 12, 8, 11, 11]
[5, 7, 8, 6, 4]
[3, 5, 5, 4, 4]
[10, 9, 6, 8, 6]
[16, 13, 12, 10, 15]
[8, 7, 6, 11, 7]
[6, 11, 11, 7, 9]
[6, 8, 10, 11, 5]
[11, 18, 16, 19, 14]
[10, 6, 6, 9, 8]
[18, 19, 15, 13, 21]
[13, 9, 10, 12, 19]
[10, 11, 7, 8, 6]
[6, 4, 5, 5, 3]
[13, 16, 10, 9, 12]
[9, 16, 13, 10, 12]
[11, 9, 7, 6, 7]
[7, 12, 11, 10, 8]
[19, 15, 18, 11, 16]
[10, 13, 13, 8, 12]
[9, 12, 14, 8, 10]
[8, 13, 14, 10, 15]
[9, 7, 8, 13, 10]
[8, 10, 9, 13, 6]
[6, 8, 9, 7, 9]
[11, 6, 7, 15, 10]
[10, 11, 16, 17, 13]
[15, 13, 14, 8, 10]
[17, 10, 12, 11, 8]
[8, 7, 5, 8, 8]
[7, 8, 4, 5, 8]
[8, 11, 6, 10, 5]
[14, 8, 15, 13, 10]
[11, 14, 9, 8, 7]
[6, 9, 8, 7, 9]
[5, 5, 4, 6, 3]
[14, 11, 16, 15, 16]
[4, 5, 8, 7, 6]
[7, 11, 7, 9, 6]
[13, 15, 21, 18, 19]
[14, 12, 8, 10, 9]
[4, 2, 4, 5, 2]
[7, 6, 7, 11, 9]
[11, 7, 6, 9, 7]
[8, 7, 8, 6, 11]
[10, 14, 8, 15, 13]
[10, 6, 10, 11, 13]
[8, 7, 11, 12, 10]
[7, 10, 9, 13, 8]
[14, 13, 15, 8, 10]
[11, 8, 11, 12, 10]
[5, 4, 4, 5, 3]
[9, 8, 12, 14, 10]
[10, 13, 15, 8, 14]
[7, 5, 6, 4, 8]
[15, 9, 7, 12, 13]
[7, 7, 11, 9, 6]
[9, 8, 14, 12, 10]
[8, 10, 14, 9, 12]
[12, 11, 11, 13, 7]
[6, 11, 7, 11, 9]
[10, 7, 11, 8, 6]
[9, 5, 11, 9, 8]
[12, 10, 16, 16, 9]
[16, 17, 11, 10, 13]
[7, 11, 9, 6, 7]
[19, 16, 11, 15, 18]
[7, 5, 5, 10, 6]
[10, 7, 12, 17, 8]
[7, 6, 5, 10, 5]
[6, 8, 5, 11, 10]
[9, 8, 4, 6, 6]
[6, 9, 11, 10, 10]
[11, 6, 7, 9, 11]
[4, 6, 6, 9, 8]
[10, 7, 9, 13, 14]
[4, 7, 5, 8, 8]
[5, 5, 3, 4, 4]
[11, 8, 10, 7, 12]
[12, 16, 9, 13, 10]
[7, 6, 11, 8, 8]
[4, 8, 5, 8, 8]
[6, 8, 10, 6, 9]
[9, 13, 14, 10, 7]
[10, 10, 15, 9, 7]
[19, 21, 15, 18, 13]
[18, 26, 27, 24, 23]
[5, 3, 4, 4, 5]
[15, 16, 13, 10, 17]
[12, 10, 9, 14, 8]
[13, 7, 10, 9, 8]
[9, 14, 8, 12, 10]
[16, 9, 10, 12, 13]
[10, 12, 16, 13, 15]
[7, 8, 8, 9, 4]
[10, 8, 7, 11, 6]
[8, 6, 6, 9, 10]
[13, 15, 14, 10, 8]
[10, 6, 8, 6, 9]
[10, 8, 7, 11, 5]
[10, 14, 9, 12, 8]
[9, 8, 7, 9, 6]
[13, 19, 21, 15, 18]
[8, 6, 10, 5, 11]
[23, 22, 18, 21, 15]
[9, 11, 6, 7, 7]
[12, 13, 16, 10, 9]
[9, 10, 13, 16, 12]
[8, 8, 7, 4, 5]
[10, 8, 15, 13, 14]
[14, 15, 10, 17, 16]
[7, 5, 4, 8, 8]
[22, 14, 9, 11, 21]
[15, 16, 11, 9, 8]
[15, 12, 10, 16, 13]
[11, 8, 10, 7, 6]
[7, 8, 6, 11, 8]
[11, 8, 8, 7, 6]
[8, 11, 7, 8, 6]
[8, 7, 10, 12, 11]
[14, 20, 16, 10, 13]
[24, 27, 18, 26, 23]
[5, 6, 5, 10, 7]
[8, 7, 11, 8, 6]
[10, 8, 5, 7, 11]
[13, 8, 7, 10, 9]
[13, 22, 16, 19, 17]
[10, 10, 13, 6, 11]
[12, 13, 8, 10, 13]
[5, 3, 5, 6, 4]
[10, 9, 11, 6, 13]
[12, 14, 18, 8, 7]
[10, 17, 16, 13, 11]
[7, 9, 6, 8, 9]
[7, 10, 9, 8, 13]
[9, 10, 11, 13, 7]
[21, 15, 18, 19, 13]
[22, 23, 21, 18, 15]
[9, 8, 13, 7, 10]
[13, 19, 22, 16, 17]
[14, 19, 21, 10, 17]
[8, 15, 11, 10, 8]
[8, 11, 10, 5, 6]
[10, 8, 11, 6, 5]
[8, 11, 8, 10, 15]
[9, 5, 8, 12, 11]
[10, 7, 13, 12, 11]
[8, 6, 11, 8, 7]
[11, 8, 9, 7, 14]
[8, 10, 8, 15, 11]
[10, 8, 14, 12, 9]
[12, 11, 7, 14, 13]
[8, 13, 10, 12, 13]
[11, 6, 7, 9, 7]
[12, 14, 10, 8, 9]
[13, 16, 10, 12, 15]
[6, 7, 11, 8, 7]
[13, 10, 9, 7, 14]
[10, 13, 7, 11, 12]
[11, 8, 5, 7, 10]
[16, 11, 17, 13, 10]
[9, 10, 7, 9, 11]
[13, 12, 11, 11, 7]
[8, 7, 10, 9, 13]
[8, 7, 9, 4, 10]
[5, 9, 11, 8, 9]
[6, 4, 6, 9, 8]
[14, 18, 12, 8, 7]
[8, 11, 5, 10, 6]
[11, 11, 8, 12, 10]
[10, 12, 9, 14, 8]
[7, 10, 5, 6, 5]
[12, 10, 9, 8, 14]
[10, 12, 9, 8, 14]
[9, 14, 10, 7, 13]
[15, 13, 18, 21, 19]
[5, 6, 4, 3, 5]
[9, 8, 12, 10, 14]
[15, 18, 13, 19, 21]
[16, 16, 9, 12, 10]
