[10, 9, 12, 12, 7, 6]
[5, 7, 4, 8, 4, 5]
[10, 7, 11, 13, 12, 14]
[6, 3, 3, 4, 5, 3]
[6, 5, 5, 9, 6, 10]
[12, 14, 9, 13, 15, 12]
[17, 8, 11, 13, 12, 7]
[10, 15, 16, 13, 9, 21]
[8, 4, 5, 4, 5, 7]
[9, 16, 11, 16, 14, 12]
[7, 13, 15, 13, 9, 10]
[6, 5, 11, 6, 8, 11]
[12, 7, 11, 10, 8, 13]
[22, 16, 15, 14, 11, 17]
[14, 9, 8, 14, 6, 13]
[9, 18, 12, 13, 16, 11]
[11, 6, 8, 8, 10, 7]
[3, 3, 3, 6, 4, 5]
[9, 13, 7, 10, 13, 7]
[9, 9, 11, 7, 6, 9]
[10, 9, 9, 14, 7, 12]
[7, 6, 9, 9, 11, 9]
[8, 8, 9, 6, 10, 5]
[11, 14, 16, 17, 22, 15]
[10, 11, 9, 12, 10, 6]
[6, 9, 5, 10, 7, 10]
[23, 27, 21, 20, 31, 16]
[12, 15, 8, 17, 9, 10]
[12, 14, 13, 10, 8, 11]
[6, 7, 6, 8, 4, 7]
[9, 15, 8, 12, 15, 10]
[12, 17, 9, 10, 14, 15]
[16, 13, 15, 17, 11, 21]
[15, 7, 10, 13, 12, 8]
[7, 6, 5, 6, 8, 9]
[8, 8, 10, 10, 7, 5]
[7, 11, 12, 9, 10, 10]
[17, 10, 14, 9, 12, 15]
[12, 19, 14, 19, 10, 13]
[8, 9, 15, 13, 13, 10]
[15, 11, 8, 15, 13, 9]
[8, 10, 5, 9, 10, 10]
[9, 15, 8, 10, 15, 12]
[9, 12, 12, 13, 14, 15]
[6, 10, 7, 9, 8, 12]
[12, 15, 9, 14, 12, 13]
[7, 13, 12, 9, 15, 13]
[8, 7, 13, 13, 9, 12]
[6, 12, 12, 8, 9, 10]
[8, 12, 13, 18, 14, 10]
[16, 15, 17, 10, 11, 8]
[12, 15, 10, 21, 18, 22]
[6, 7, 10, 11, 10, 8]
[8, 10, 7, 5, 10, 8]
[15, 10, 15, 12, 8, 9]
[7, 5, 8, 8, 8, 6]
[11, 10, 7, 10, 9, 12]
[8, 5, 9, 9, 9, 6]
[7, 9, 5, 8, 9, 9]
[8, 10, 5, 7, 11, 11]
[11, 9, 9, 6, 7, 9]
[9, 10, 10, 5, 7, 6]
[8, 10, 18, 13, 16, 7]
[7, 15, 13, 10, 9, 13]
[9, 11, 9, 7, 9, 6]
[15, 12, 23, 16, 17, 19]
[9, 14, 10, 7, 14, 7]
[11, 8, 12, 13, 10, 14]
[12, 12, 15, 13, 14, 9]
[16, 17, 10, 8, 13, 12]
[13, 10, 9, 15, 8, 13]
[9, 7, 8, 6, 10, 12]
[15, 9, 13, 12, 14, 12]
[10, 9, 17, 14, 15, 12]
[7, 6, 4, 6, 8, 3]
[12, 10, 6, 9, 11, 10]
[8, 10, 8, 9, 5, 6]
[5, 4, 6, 7, 8, 7]
[7, 6, 10, 6, 10, 5]
[10, 20, 13, 17, 11, 18]
[7, 13, 11, 8, 10, 12]
[12, 10, 8, 9, 12, 6]
[7, 9, 12, 8, 13, 13]
[10, 9, 17, 12, 15, 14]
[8, 4, 5, 7, 5, 4]
[13, 11, 7, 12, 10, 8]
[15, 12, 14, 11, 7, 13]
[16, 10, 17, 20, 12, 13]
[18, 17, 12, 16, 19, 18]
[14, 7, 9, 9, 10, 12]
[10, 10, 6, 9, 7, 9]
[9, 11, 11, 5, 9, 8]
[7, 11, 8, 10, 10, 6]
[8, 7, 11, 12, 10, 13]
[11, 7, 12, 10, 13, 8]
[18, 20, 17, 13, 11, 10]
[12, 9, 12, 11, 8, 15]
[10, 16, 15, 9, 8, 11]
[10, 8, 15, 15, 12, 9]
[6, 13, 9, 7, 8, 13]
[9, 12, 6, 8, 10, 12]
[6, 10, 12, 11, 9, 10]
[9, 10, 9, 10, 6, 7]
[7, 10, 7, 5, 4, 7]
[11, 6, 7, 9, 9, 9]
[16, 11, 14, 16, 12, 9]
[10, 19, 12, 14, 19, 13]
[22, 25, 28, 18, 36, 27]
[11, 10, 13, 12, 8, 7]
[18, 16, 24, 12, 13, 23]
[3, 6, 5, 4, 3, 3]
[10, 10, 6, 9, 9, 7]
[17, 12, 8, 10, 13, 16]
[9, 15, 10, 12, 17, 8]
[17, 12, 9, 14, 10, 15]
[30, 15, 25, 22, 20, 19]
[4, 3, 4, 4, 4, 2]
[9, 9, 6, 9, 7, 11]
[12, 7, 10, 8, 13, 11]
[6, 10, 11, 8, 8, 7]
[10, 11, 7, 6, 6, 8]
[10, 7, 6, 5, 7, 8]
[6, 3, 4, 3, 3, 5]
[15, 12, 9, 15, 10, 8]
[11, 7, 9, 9, 9, 6]
[13, 10, 9, 7, 9, 9]
[20, 17, 10, 13, 16, 12]
[6, 4, 3, 6, 7, 5]
[12, 9, 12, 10, 8, 6]
[17, 12, 9, 11, 13, 13]
[4, 8, 9, 8, 6, 7]
[12, 16, 18, 23, 13, 24]
[10, 17, 12, 15, 9, 14]
[9, 10, 12, 15, 8, 15]
[14, 10, 19, 22, 11, 23]
[21, 12, 20, 14, 18, 11]
[12, 13, 7, 10, 8, 9]
[8, 6, 11, 10, 7, 10]
[6, 7, 10, 10, 9, 9]
[13, 15, 10, 13, 8, 9]
[9, 18, 12, 16, 13, 11]
[16, 9, 11, 18, 12, 13]
[11, 9, 7, 9, 9, 6]
[13, 16, 15, 11, 21, 17]
[7, 10, 6, 10, 9, 13]
[12, 11, 12, 15, 8, 9]
[8, 8, 6, 8, 5, 7]
[10, 8, 11, 13, 8, 6]
[12, 7, 8, 16, 9, 11]
[14, 11, 23, 19, 10, 22]
[9, 13, 11, 10, 13, 6]
[10, 14, 15, 12, 7, 9]
[9, 10, 7, 6, 9, 10]
[9, 14, 13, 7, 8, 11]
[13, 12, 15, 14, 12, 9]
[17, 12, 13, 10, 20, 16]
[15, 12, 9, 8, 10, 15]
[9, 9, 6, 7, 9, 11]
[5, 10, 6, 9, 7, 10]
[15, 11, 16, 8, 17, 10]
[8, 10, 8, 4, 5, 11]
[7, 4, 8, 6, 5, 7]
[10, 6, 7, 9, 5, 10]
[12, 14, 24, 17, 18, 19]
[10, 9, 6, 10, 7, 9]
[11, 17, 16, 10, 15, 8]
[10, 11, 6, 9, 12, 10]
[9, 11, 9, 6, 7, 9]
[16, 12, 15, 10, 7, 10]
[10, 8, 7, 8, 10, 5]
[9, 10, 6, 10, 11, 12]
[6, 3, 5, 3, 4, 3]
[9, 10, 9, 7, 10, 6]
[24, 17, 18, 12, 19, 14]
[7, 5, 8, 6, 7, 4]
[10, 15, 15, 8, 9, 12]
[6, 3, 3, 5, 4, 3]
[4, 5, 10, 7, 7, 7]
[12, 19, 16, 17, 23, 15]
[11, 13, 13, 10, 9, 6]
[11, 10, 7, 8, 6, 6]
[11, 8, 8, 9, 7, 5]
[10, 12, 6, 7, 9, 12]
[6, 4, 5, 3, 5, 3]
[8, 6, 13, 7, 10, 12]
[17, 12, 9, 15, 8, 10]
[7, 12, 13, 11, 10, 8]
[10, 13, 24, 11, 16, 17]
[13, 7, 16, 10, 12, 9]
[6, 13, 7, 9, 10, 10]
[13, 12, 15, 9, 14, 12]
[14, 12, 14, 9, 11, 18]
[8, 14, 12, 10, 13, 11]
[6, 6, 8, 7, 9, 5]
[10, 8, 15, 12, 15, 9]
[10, 8, 9, 8, 5, 6]
[10, 10, 7, 5, 9, 6]
[14, 14, 7, 9, 10, 7]
[5, 3, 3, 6, 4, 5]
[12, 8, 7, 10, 11, 13]
