[3, 4, 3, 4]
[8, 6, 9, 8]
[7, 5, 7, 4]
[2, 3, 5, 3]
[12, 4, 6, 5]
[3, 2, 3, 5]
[2, 4, 3, 4]
[3, 4, 4, 3]
[3, 7, 4, 8]
[5, 7, 7, 4]
[3, 7, 2, 8]
[4, 3, 5, 3]
[3, 6, 2, 4]
[8, 5, 3, 4]
[4, 2, 4, 1]
[3, 2, 6, 4]
[2, 3, 4, 4]
[6, 5, 6, 8]
[7, 4, 8, 5]
[9, 7, 8, 3]
[5, 4, 3, 4]
[5, 5, 3, 6]
[5, 7, 4, 7]
[5, 4, 8, 3]
[3, 1, 3, 2]
[9, 5, 4, 12]
[2, 4, 4, 3]
[10, 5, 3, 4]
[2, 5, 5, 5]
[4, 3, 3, 5]
[1, 4, 3, 3]
[6, 12, 5, 4]
[3, 2, 4, 4]
[5, 5, 6, 3]
[2, 6, 3, 2]
[7, 7, 3, 2]
[7, 3, 6, 7]
[4, 7, 8, 5]
[7, 4, 6, 3]
[8, 5, 4, 3]
[6, 7, 3, 5]
[6, 5, 4, 12]
[5, 6, 6, 8]
[1, 3, 2, 3]
[4, 5, 8, 3]
[5, 4, 4, 3]
[7, 4, 3, 5]
[2, 3, 3, 5]
[3, 2, 4, 6]
[3, 7, 7, 6]
[5, 2, 5, 5]
[5, 8, 13, 4]
[5, 14, 10, 8]
[7, 3, 4, 8]
[3, 7, 4, 6]
[3, 5, 11, 6]
[7, 5, 3, 5]
[5, 6, 4, 3]
[4, 6, 2, 3]
[7, 5, 4, 7]
[6, 5, 8, 6]
[12, 5, 4, 15]
[8, 7, 3, 6]
[7, 4, 5, 8]
[2, 5, 4, 8]
[5, 2, 5, 7]
[7, 3, 8, 4]
[3, 5, 4, 8]
[6, 10, 4, 5]
[5, 3, 3, 4]
[7, 2, 2, 5]
[5, 6, 3, 4]
[5, 3, 7, 3]
[4, 7, 5, 8]
[3, 11, 8, 7]
[3, 5, 8, 4]
[4, 11, 7, 5]
[3, 7, 6, 4]
[4, 2, 3, 4]
[6, 7, 3, 7]
[5, 11, 10, 4]
[12, 3, 4, 10]
[2, 4, 1, 4]
[5, 3, 5, 6]
[14, 5, 8, 10]
[2, 7, 7, 3]
[7, 2, 3, 7]
[5, 6, 6, 3]
[2, 7, 8, 6]
[8, 3, 2, 5]
[1, 3, 3, 2]
[8, 16, 9, 6]
[7, 6, 7, 3]
[2, 7, 2, 5]
[8, 6, 8, 9]
[11, 5, 10, 4]
[7, 5, 5, 3]
[3, 4, 11, 6]
[3, 2, 5, 3]
[11, 4, 8, 5]
