[12, 12, 1]
[11, 10, 1]
[9, 9, 1]
[7, 8, 1]
[5, 7, 1]
[7, 12, 2]
[5, 10, 2]
[5, 12, 3]
[10, 8, 1]
[8, 7, 1]
[6, 6, 1]
[4, 5, 1]
[9, 6, 1]
[7, 5, 1]
[5, 4, 1]
[3, 3, 1]
[7, 8, 3]
[5, 7, 3]
[4, 6, 3]
[3, 6, 4]
[4, 7, 6]
[3, 7, 5]
[3, 8, 7]
[2, 7, 5]
[1, 3, 3]
[1, 5, 4]
[1, 6, 6]
[1, 8, 7]
[1, 9, 9]
[1, 11, 10]
[1, 12, 12]
[1, 10, 11]
[1, 10, 8]
[1, 7, 8]
[1, 8, 10]
[1, 7, 5]
[1, 9, 6]
[1, 4, 5]
[1, 5, 7]
[1, 6, 9]
[5, 7, 2]
[3, 6, 2]
[5, 11, 4]
[4, 11, 5]
[3, 10, 4]
[2, 10, 3]
[1, 6, 2]
[3, 12, 5]
[2, 10, 5]
[2, 12, 7]
[1, 7, 3]
[1, 8, 4]
[2, 6, 3]
[4, 10, 3]
[8, 4, 1]
[7, 3, 1]
[10, 5, 2]
[7, 5, 2]
[8, 7, 3]
[6, 2, 1]
[10, 3, 2]
[10, 4, 3]
[11, 5, 4]
[10, 2, 3]
[12, 3, 5]
[6, 1, 2]
[7, 1, 3]
[8, 1, 4]
[9, 1, 6]
[10, 1, 8]
[11, 1, 10]
[12, 1, 12]
[10, 1, 11]
[9, 1, 9]
[8, 1, 10]
[8, 1, 7]
[7, 1, 8]
[6, 1, 9]
[7, 1, 5]
[6, 1, 6]
[5, 1, 7]
[4, 1, 8]
[12, 2, 7]
[5, 1, 4]
[4, 1, 5]
[7, 2, 12]
[3, 1, 7]
[10, 2, 5]
[7, 2, 5]
[8, 3, 7]
[3, 1, 3]
[5, 2, 7]
[5, 2, 10]
[2, 1, 6]
[7, 3, 8]
[5, 3, 7]
[3, 2, 6]
[5, 3, 12]
[3, 2, 10]
[4, 3, 10]
[5, 4, 11]
[4, 5, 11]
[3, 4, 10]
[3, 5, 12]
[1, 2, 6]
[2, 3, 10]
[10, 3, 4]
[11, 4, 5]
[6, 3, 4]
[7, 4, 6]
[6, 4, 7]
[4, 3, 6]
[3, 4, 6]
[3, 5, 7]
[3, 7, 8]
[2, 5, 7]
[2, 5, 10]
[1, 3, 7]
[2, 7, 12]
[1, 4, 8]
[2, 3, 6]
[4, 6, 7]
[6, 2, 3]
[7, 3, 5]
[12, 5, 3]
[6, 3, 2]
[7, 5, 3]
[7, 6, 4]
[6, 7, 4]
[6, 4, 3]
[12, 7, 2]
[10, 11, 1]
[8, 10, 1]
[6, 9, 1]
[4, 8, 1]
[3, 7, 1]
[2, 6, 1]
[3, 10, 2]
