[21, 16, 15, 22, 18, 10]
[16, 10, 9, 13, 15, 17]
[9, 16, 15, 19, 17, 14]
[13, 11, 14, 10, 8, 7]
[13, 14, 18, 21, 11, 21]
[7, 4, 10, 7, 10, 9]
[9, 8, 12, 6, 7, 6]
[13, 12, 16, 18, 21, 11]
[7, 14, 6, 13, 9, 11]
[14, 16, 23, 22, 17, 13]
[11, 13, 18, 14, 12, 21]
[16, 13, 14, 10, 15, 10]
[19, 15, 16, 10, 18, 19]
[11, 15, 12, 10, 15, 18]
[9, 8, 12, 10, 15, 10]
[10, 8, 7, 14, 14, 12]
[17, 14, 23, 16, 22, 13]
[27, 24, 18, 23, 25, 26]
[15, 17, 24, 22, 14, 13]
[8, 4, 10, 9, 7, 6]
[13, 10, 9, 16, 13, 12]
[17, 13, 24, 20, 24, 12]
[5, 7, 9, 9, 11, 6]
[12, 6, 6, 9, 8, 7]
[12, 18, 22, 19, 14, 11]
[16, 13, 18, 17, 20, 20]
[13, 19, 18, 22, 16, 17]
[20, 12, 10, 17, 13, 21]
[18, 16, 13, 10, 12, 12]
[8, 9, 10, 5, 11, 6]
[13, 8, 7, 10, 9, 8]
[14, 7, 8, 14, 12, 13]
[12, 12, 6, 9, 10, 6]
[6, 10, 10, 9, 7, 5]
[13, 19, 20, 18, 17, 16]
[8, 17, 14, 18, 15, 13]
[16, 11, 10, 14, 13, 17]
[40, 37, 34, 36, 27, 41]
[21, 17, 20, 18, 21, 11]
[14, 10, 11, 12, 20, 15]
[14, 10, 9, 13, 11, 7]
[19, 14, 12, 15, 20, 17]
[8, 9, 7, 11, 7, 13]
[10, 6, 10, 8, 9, 12]
[9, 10, 8, 13, 7, 8]
[10, 7, 8, 14, 14, 12]
[11, 14, 18, 19, 22, 12]
[15, 19, 12, 26, 20, 13]
[7, 9, 6, 8, 12, 12]
[8, 11, 7, 12, 6, 7]
[6, 12, 11, 11, 7, 10]
[7, 13, 9, 12, 14, 12]
[10, 6, 12, 9, 12, 6]
[12, 6, 10, 12, 9, 6]
[7, 11, 9, 8, 12, 12]
[14, 10, 18, 11, 13, 9]
[8, 17, 12, 15, 14, 16]
[13, 11, 15, 14, 10, 19]
[9, 12, 9, 11, 6, 10]
[6, 7, 11, 6, 10, 9]
[14, 14, 7, 10, 8, 12]
[8, 8, 6, 8, 5, 9]
[15, 15, 10, 11, 12, 18]
[18, 15, 14, 10, 16, 13]
[7, 11, 9, 13, 12, 13]
[14, 13, 8, 10, 9, 11]
[18, 10, 12, 13, 17, 11]
[12, 10, 11, 15, 18, 15]
[6, 10, 12, 10, 7, 8]
[9, 13, 18, 16, 16, 10]
[10, 6, 8, 10, 12, 9]
[13, 7, 10, 9, 11, 13]
[20, 9, 15, 14, 11, 12]
[11, 8, 13, 12, 13, 13]
[16, 16, 11, 12, 8, 9]
[9, 10, 8, 7, 13, 8]
[4, 3, 4, 4, 3, 6]
[12, 7, 14, 12, 13, 11]
[8, 7, 9, 11, 14, 8]
[14, 8, 10, 11, 12, 8]
[20, 22, 21, 15, 19, 14]
[10, 17, 11, 8, 15, 12]
[8, 5, 6, 11, 8, 5]
[17, 18, 19, 20, 12, 15]
[6, 7, 8, 9, 5, 10]
[21, 19, 18, 16, 11, 12]
[9, 17, 11, 17, 7, 15]
[18, 16, 13, 12, 10, 12]
[15, 11, 12, 17, 16, 22]
[11, 10, 15, 12, 15, 18]
[13, 7, 11, 13, 9, 12]
[10, 7, 8, 6, 11, 6]
[10, 8, 9, 6, 13, 12]
[10, 17, 16, 11, 13, 14]
[23, 15, 22, 22, 20, 15]
[13, 15, 14, 19, 22, 11]
[15, 14, 16, 18, 10, 13]
[10, 12, 9, 11, 6, 9]
[13, 9, 16, 16, 18, 10]
[7, 10, 12, 14, 8, 14]
[13, 15, 9, 14, 16, 8]
[11, 9, 12, 12, 13, 15]
[7, 8, 6, 7, 4, 4]
[12, 9, 14, 14, 7, 15]
[11, 13, 19, 15, 17, 14]
[16, 20, 10, 11, 12, 13]
[10, 11, 13, 9, 7, 13]
[25, 28, 24, 31, 19, 26]
[11, 12, 9, 10, 17, 13]
[5, 9, 4, 8, 6, 8]
[13, 11, 14, 8, 12, 14]
[31, 30, 28, 26, 20, 19]
[19, 15, 20, 22, 22, 22]
[10, 9, 7, 10, 5, 6]
[14, 13, 21, 20, 10, 12]
[13, 11, 8, 9, 8, 6]
[12, 8, 16, 10, 19, 15]
[13, 13, 15, 11, 21, 16]
[20, 13, 12, 10, 16, 10]
[24, 15, 20, 21, 22, 15]
[7, 13, 14, 10, 12, 11]
[10, 17, 16, 18, 15, 14]
[20, 24, 17, 24, 12, 13]
[22, 16, 14, 11, 15, 11]
[8, 7, 12, 11, 12, 9]
[6, 9, 7, 10, 12, 12]
[30, 29, 34, 23, 31, 40]
[12, 13, 11, 13, 8, 13]
[15, 9, 12, 8, 8, 11]
[13, 9, 8, 13, 11, 12]
[20, 16, 9, 10, 17, 13]
[6, 6, 3, 3, 6, 4]
[13, 13, 10, 15, 9, 7]
[9, 10, 9, 7, 6, 6]
[13, 9, 10, 12, 8, 5]
[17, 14, 24, 22, 16, 21]
[28, 22, 27, 19, 26, 31]
[6, 9, 8, 5, 8, 8]
[13, 17, 10, 18, 11, 15]
[17, 24, 14, 22, 15, 13]
[14, 14, 13, 9, 15, 12]
[12, 7, 12, 8, 9, 11]
[10, 9, 6, 7, 9, 6]
[14, 17, 22, 23, 16, 13]
[9, 8, 8, 13, 7, 12]
[16, 11, 13, 9, 10, 14]
[6, 7, 9, 9, 10, 6]
[10, 8, 7, 7, 5, 11]
[15, 11, 15, 10, 20, 8]
[9, 15, 8, 12, 8, 11]
[19, 13, 17, 11, 17, 16]
[9, 13, 7, 8, 13, 6]
[25, 19, 23, 22, 14, 20]
[13, 11, 14, 14, 9, 9]
[16, 12, 17, 11, 10, 8]
[11, 12, 14, 19, 18, 24]
[11, 25, 15, 17, 12, 19]
[18, 12, 10, 21, 22, 15]
[19, 16, 20, 22, 31, 23]
[14, 7, 9, 8, 9, 11]
[12, 13, 7, 12, 11, 14]
[6, 13, 8, 5, 5, 6]
[11, 14, 12, 10, 15, 20]
[39, 17, 22, 33, 18, 28]
[8, 12, 6, 9, 10, 10]
[9, 6, 7, 9, 10, 6]
[14, 20, 22, 11, 13, 15]
[9, 13, 14, 11, 14, 9]
[7, 6, 9, 5, 5, 9]
[10, 7, 6, 8, 10, 7]
[11, 9, 12, 14, 16, 19]
[19, 18, 11, 9, 17, 19]
[9, 10, 12, 12, 7, 8]
[10, 7, 11, 5, 5, 6]
[16, 14, 13, 23, 17, 11]
[19, 17, 16, 19, 13, 20]
[16, 10, 12, 11, 19, 14]
[8, 5, 6, 6, 8, 10]
[7, 9, 10, 5, 6, 8]
[14, 16, 10, 11, 14, 9]
[18, 26, 20, 27, 30, 24]
[18, 13, 9, 8, 14, 11]
[9, 11, 11, 12, 8, 13]
[15, 16, 12, 22, 17, 11]
[21, 16, 17, 15, 13, 10]
[9, 15, 10, 13, 13, 7]
[18, 25, 17, 13, 19, 13]
[5, 7, 5, 6, 4, 7]
[21, 19, 13, 17, 22, 14]
[12, 11, 5, 8, 13, 11]
[9, 15, 11, 13, 8, 9]
[11, 12, 17, 10, 15, 17]
[9, 18, 8, 14, 10, 12]
[5, 6, 6, 6, 7, 9]
[17, 11, 15, 18, 16, 12]
[11, 13, 12, 8, 9, 11]
[16, 9, 14, 15, 12, 17]
[7, 9, 9, 12, 8, 12]
[13, 11, 14, 7, 10, 14]
[12, 10, 7, 6, 11, 11]
[13, 12, 19, 16, 11, 10]
[9, 18, 11, 19, 17, 19]
[4, 7, 9, 8, 8, 7]
[15, 11, 12, 8, 18, 13]
[9, 7, 8, 10, 12, 14]
[6, 6, 10, 6, 4, 9]
[6, 9, 5, 9, 9, 8]
[18, 11, 15, 12, 10, 15]
[17, 10, 11, 13, 9, 12]
[6, 12, 9, 10, 12, 6]
[22, 21, 20, 11, 13, 21]
[14, 15, 16, 9, 11, 12]
[8, 9, 11, 13, 8, 6]
[15, 9, 8, 8, 12, 11]
[22, 21, 27, 16, 12, 14]
[18, 15, 14, 10, 16, 11]
[9, 12, 15, 8, 8, 11]
[24, 15, 21, 22, 19, 12]
[14, 8, 10, 12, 7, 14]
[10, 7, 14, 14, 8, 12]
[11, 12, 5, 12, 9, 10]
[17, 19, 13, 9, 11, 12]
[16, 14, 22, 15, 11, 19]
[11, 14, 18, 19, 22, 12]
[15, 19, 12, 26, 20, 13]
[7, 9, 6, 8, 12, 12]
[8, 11, 7, 12, 6, 7]
[6, 12, 11, 11, 7, 10]
[7, 13, 9, 12, 14, 12]
[10, 6, 12, 9, 12, 6]
[12, 6, 10, 12, 9, 6]
[7, 11, 9, 8, 12, 12]
[14, 10, 18, 11, 13, 9]
[8, 17, 12, 15, 14, 16]
[13, 11, 15, 14, 10, 19]
[9, 12, 9, 11, 6, 10]
[6, 7, 11, 6, 10, 9]
[14, 14, 7, 10, 8, 12]
[8, 8, 6, 8, 5, 9]
[15, 15, 10, 11, 12, 18]
[18, 15, 14, 10, 16, 13]
[7, 11, 9, 13, 12, 13]
[14, 13, 8, 10, 9, 11]
[18, 10, 12, 13, 17, 11]
[12, 10, 11, 15, 18, 15]
[6, 10, 12, 10, 7, 8]
[9, 13, 18, 16, 16, 10]
[10, 6, 8, 10, 12, 9]
[13, 7, 10, 9, 11, 13]
[20, 9, 15, 14, 11, 12]
[11, 8, 13, 12, 13, 13]
[16, 16, 11, 12, 8, 9]
[9, 10, 8, 7, 13, 8]
[4, 3, 4, 4, 3, 6]
[12, 7, 14, 12, 13, 11]
[8, 7, 9, 11, 14, 8]
[14, 8, 10, 11, 12, 8]
[20, 22, 21, 15, 19, 14]
[10, 17, 11, 8, 15, 12]
[8, 5, 6, 11, 8, 5]
[17, 18, 19, 20, 12, 15]
[6, 7, 8, 9, 5, 10]
[21, 19, 18, 16, 11, 12]
[9, 17, 11, 17, 7, 15]
[18, 16, 13, 12, 10, 12]
[15, 11, 12, 17, 16, 22]
[11, 10, 15, 12, 15, 18]
[13, 7, 11, 13, 9, 12]
[10, 7, 8, 6, 11, 6]
[10, 8, 9, 6, 13, 12]
[10, 17, 16, 11, 13, 14]
[23, 15, 22, 22, 20, 15]
[13, 15, 14, 19, 22, 11]
[15, 14, 16, 18, 10, 13]
[10, 12, 9, 11, 6, 9]
[13, 9, 16, 16, 18, 10]
[7, 10, 12, 14, 8, 14]
[13, 15, 9, 14, 16, 8]
[11, 9, 12, 12, 13, 15]
[7, 8, 6, 7, 4, 4]
[12, 9, 14, 14, 7, 15]
[11, 13, 19, 15, 17, 14]
[16, 20, 10, 11, 12, 13]
[10, 11, 13, 9, 7, 13]
[25, 28, 24, 31, 19, 26]
[11, 12, 9, 10, 17, 13]
[5, 9, 4, 8, 6, 8]
[13, 11, 14, 8, 12, 14]
[31, 30, 28, 26, 20, 19]
[19, 15, 20, 22, 22, 22]
[10, 9, 7, 10, 5, 6]
[14, 13, 21, 20, 10, 12]
[13, 11, 8, 9, 8, 6]
[12, 8, 16, 10, 19, 15]
[13, 13, 15, 11, 21, 16]
[20, 13, 12, 10, 16, 10]
[24, 15, 20, 21, 22, 15]
[7, 13, 14, 10, 12, 11]
[10, 17, 16, 18, 15, 14]
[20, 24, 17, 24, 12, 13]
[22, 16, 14, 11, 15, 11]
[8, 7, 12, 11, 12, 9]
[6, 9, 7, 10, 12, 12]
[30, 29, 34, 23, 31, 40]
[12, 13, 11, 13, 8, 13]
[15, 9, 12, 8, 8, 11]
[13, 9, 8, 13, 11, 12]
[20, 16, 9, 10, 17, 13]
[6, 6, 3, 3, 6, 4]
[13, 13, 10, 15, 9, 7]
[9, 10, 9, 7, 6, 6]
[13, 9, 10, 12, 8, 5]
[17, 14, 24, 22, 16, 21]
[28, 22, 27, 19, 26, 31]
[6, 9, 8, 5, 8, 8]
[13, 17, 10, 18, 11, 15]
[17, 24, 14, 22, 15, 13]
[14, 14, 13, 9, 15, 12]
[12, 7, 12, 8, 9, 11]
[10, 9, 6, 7, 9, 6]
[14, 17, 22, 23, 16, 13]
[9, 8, 8, 13, 7, 12]
[16, 11, 13, 9, 10, 14]
[6, 7, 9, 9, 10, 6]
[10, 8, 7, 7, 5, 11]
[15, 11, 15, 10, 20, 8]
[9, 15, 8, 12, 8, 11]
[19, 13, 17, 11, 17, 16]
[9, 13, 7, 8, 13, 6]
[25, 19, 23, 22, 14, 20]
[13, 11, 14, 14, 9, 9]
[16, 12, 17, 11, 10, 8]
[11, 12, 14, 19, 18, 24]
[11, 25, 15, 17, 12, 19]
[18, 12, 10, 21, 22, 15]
[19, 16, 20, 22, 31, 23]
[14, 7, 9, 8, 9, 11]
[12, 13, 7, 12, 11, 14]
[6, 13, 8, 5, 5, 6]
[11, 14, 12, 10, 15, 20]
[39, 17, 22, 33, 18, 28]
[8, 12, 6, 9, 10, 10]
[9, 6, 7, 9, 10, 6]
[14, 20, 22, 11, 13, 15]
[9, 13, 14, 11, 14, 9]
[7, 6, 9, 5, 5, 9]
[10, 7, 6, 8, 10, 7]
[11, 9, 12, 14, 16, 19]
[19, 18, 11, 9, 17, 19]
[9, 10, 12, 12, 7, 8]
[10, 7, 11, 5, 5, 6]
[16, 14, 13, 23, 17, 11]
[19, 17, 16, 19, 13, 20]