[15, 15, 1]
[14, 13, 1]
[12, 12, 1]
[10, 11, 1]
[8, 10, 1]
[6, 9, 1]
[9, 16, 2]
[7, 14, 2]
[5, 12, 2]
[13, 11, 1]
[11, 10, 1]
[9, 9, 1]
[7, 8, 1]
[5, 7, 1]
[12, 9, 1]
[11, 7, 1]
[10, 5, 1]
[9, 4, 1]
[14, 7, 2]
[11, 7, 2]
[4, 3, 1]
[6, 5, 2]
[5, 5, 2]
[3, 4, 2]
[7, 11, 5]
[5, 7, 4]
[4, 7, 5]
[5, 11, 7]
[3, 8, 5]
[2, 4, 3]
[2, 5, 5]
[2, 6, 5]
[1, 4, 3]
[2, 7, 7]
[1, 5, 4]
[1, 6, 6]
[1, 8, 7]
[1, 9, 9]
[1, 11, 10]
[1, 12, 12]
[1, 14, 13]
[1, 15, 15]
[1, 13, 14]
[1, 13, 11]
[1, 10, 11]
[1, 11, 13]
[1, 10, 8]
[1, 12, 9]
[1, 7, 8]
[1, 8, 10]
[1, 9, 12]
[1, 7, 5]
[1, 9, 6]
[1, 11, 7]
[2, 5, 6]
[1, 3, 4]
[1, 4, 5]
[1, 5, 7]
[1, 6, 9]
[1, 7, 11]
[2, 7, 11]
[6, 9, 8]
[8, 9, 6]
[8, 3, 1]
[7, 2, 1]
[7, 1, 2]
[10, 2, 3]
[8, 2, 3]
[9, 3, 4]
[5, 2, 3]
[4, 2, 3]
[6, 4, 5]
[8, 6, 9]
[3, 2, 4]
[5, 3, 8]
[3, 2, 6]
[5, 4, 7]
[4, 5, 7]
[2, 3, 4]
[3, 5, 8]
[6, 8, 9]
[5, 7, 11]
[2, 3, 6]
[4, 7, 13]
[3, 7, 11]
[2, 5, 9]
[2, 5, 12]
[1, 3, 8]
[2, 7, 14]
[1, 4, 9]
[2, 9, 16]
[1, 5, 10]
[3, 7, 21]
[3, 4, 11]
[3, 5, 11]
[7, 5, 11]
[10, 3, 5]
[12, 2, 5]
[9, 2, 5]
[4, 1, 3]
[7, 2, 7]
[3, 1, 4]
[7, 3, 11]
[7, 4, 13]
[5, 3, 11]
[4, 3, 11]
[5, 4, 16]
[4, 5, 16]
[2, 3, 9]
[3, 5, 18]
[3, 4, 16]
[1, 1, 5]
[3, 2, 9]
[5, 3, 18]
[4, 3, 16]
[5, 2, 9]
[5, 2, 12]
[7, 3, 21]
[11, 3, 7]
[6, 2, 5]
[5, 2, 5]
[5, 2, 6]
[8, 1, 3]
[9, 1, 4]
[16, 2, 9]
[7, 1, 5]
[6, 1, 6]
[5, 1, 7]
[9, 2, 16]
[4, 1, 9]
[10, 1, 5]
[9, 1, 6]
[8, 1, 7]
[7, 1, 8]
[6, 1, 9]
[5, 1, 10]
[11, 1, 7]
[12, 1, 9]
[11, 1, 10]
[10, 1, 11]
[9, 1, 12]
[13, 1, 11]
[14, 1, 13]
[15, 1, 15]
[13, 1, 14]
[12, 1, 12]
[11, 1, 13]
[10, 1, 8]
[9, 1, 9]
[8, 1, 10]
[7, 1, 11]
[14, 2, 7]
[11, 2, 7]
[5, 1, 4]
[4, 1, 5]
[7, 2, 11]
[7, 2, 14]
[3, 1, 8]
[10, 3, 2]
[8, 3, 2]
[10, 5, 3]
[5, 3, 2]
[4, 3, 2]
[6, 5, 4]
[9, 4, 3]
[12, 5, 2]
[9, 5, 2]
[11, 7, 3]
[16, 9, 2]
[9, 6, 1]
[7, 5, 1]
[5, 4, 1]
[7, 7, 2]
[10, 8, 1]
[8, 7, 1]
[6, 6, 1]
[4, 5, 1]
[3, 4, 1]
[5, 6, 2]
[5, 8, 3]
[7, 11, 3]
[7, 13, 4]
[5, 11, 3]
[4, 11, 3]
[3, 9, 2]
[4, 16, 3]
[1, 5, 1]
[3, 16, 4]
[5, 16, 4]
[4, 16, 5]
[2, 9, 3]
[3, 18, 5]
[3, 21, 7]
[3, 6, 2]
[2, 6, 3]
[3, 11, 4]
[3, 11, 5]
[4, 13, 7]
[3, 11, 7]
[2, 9, 5]
[2, 12, 5]
[1, 8, 3]
[2, 14, 7]
[1, 9, 4]
[1, 10, 5]
[2, 16, 9]
[2, 11, 7]
[5, 9, 2]
[7, 11, 2]
[13, 14, 1]
[11, 13, 1]
[9, 12, 1]
[7, 11, 1]
[5, 10, 1]
[4, 9, 1]
[3, 8, 1]
[7, 21, 3]
[5, 18, 3]
