[5, 2, 4, 3, 6]
[9, 11, 13, 5, 8]
[7, 5, 10, 4, 14]
[1, 3, 3, 1, 3]
[9, 5, 11, 8, 14]
[5, 9, 4, 3, 11]
[3, 3, 2, 3, 1]
[13, 11, 4, 12, 10]
[5, 9, 6, 11, 11]
[4, 7, 9, 3, 9]
[14, 12, 9, 6, 5]
[9, 5, 14, 11, 8]
[5, 5, 2, 5, 3]
[7, 5, 4, 14, 10]
[4, 6, 3, 2, 5]
[4, 9, 7, 10, 6]
[4, 2, 3, 5, 8]
[4, 7, 9, 10, 5]
[15, 10, 14, 9, 4]
[4, 10, 14, 13, 14]
[3, 4, 7, 9, 11]
[5, 10, 4, 7, 14]
[4, 5, 3, 6, 2]
[4, 5, 11, 12, 12]
[4, 6, 7, 9, 13]
[10, 8, 4, 3, 5]
[12, 10, 12, 4, 11]
[6, 6, 5, 2, 3]
[8, 14, 5, 11, 9]
[4, 10, 7, 9, 6]
[3, 10, 8, 7, 6]
[11, 7, 4, 6, 15]
[3, 1, 3, 3, 1]
[8, 6, 5, 4, 3]
[3, 2, 1, 3, 3]
[5, 7, 3, 2, 4]
[5, 8, 10, 4, 9]
[4, 8, 10, 5, 3]
[7, 10, 5, 4, 11]
[7, 6, 8, 3, 4]
[5, 13, 6, 4, 14]
[12, 12, 5, 11, 4]
[8, 6, 7, 2, 5]
[4, 7, 8, 3, 6]
[7, 8, 3, 6, 4]
[6, 8, 5, 3, 7]
[5, 3, 8, 7, 6]
[5, 4, 10, 11, 7]
[4, 5, 10, 9, 7]
[4, 5, 3, 11, 9]
[5, 2, 3, 4, 6]
[10, 11, 8, 11, 5]
[5, 9, 11, 10, 8]
[7, 8, 4, 3, 6]
[7, 3, 5, 2, 4]
[14, 6, 7, 14, 11]
[8, 5, 10, 9, 4]
[8, 11, 10, 11, 5]
[5, 12, 10, 7, 11]
[6, 5, 8, 3, 4]
[5, 3, 7, 4, 2]
[7, 4, 10, 14, 5]
[6, 15, 11, 14, 10]
[6, 9, 11, 4, 5]
[8, 8, 3, 5, 4]
[4, 10, 6, 7, 9]
[3, 3, 4, 4, 1]
[4, 7, 6, 13, 9]
[10, 13, 6, 12, 20]
[3, 2, 6, 4, 5]
[11, 7, 6, 14, 14]
[5, 6, 9, 11, 11]
[6, 3, 4, 5, 2]
[6, 7, 5, 8, 3]
[3, 7, 5, 8, 10]
[6, 14, 11, 15, 10]
[4, 6, 2, 3, 5]
[8, 6, 5, 3, 7]
[1, 1, 3, 3, 3]
[8, 7, 6, 3, 4]
[8, 4, 3, 5, 2]
[9, 7, 11, 8, 4]
[10, 3, 8, 4, 5]
[16, 7, 10, 5, 6]
[9, 7, 11, 4, 8]
[5, 2, 4, 6, 3]
[9, 10, 4, 13, 7]
[7, 8, 3, 4, 6]
[6, 7, 5, 5, 2]
[3, 8, 8, 4, 7]
[8, 3, 5, 8, 10]
[8, 2, 3, 4, 5]
[9, 11, 8, 5, 16]
[10, 5, 7, 14, 4]
[5, 7, 2, 4, 3]
[11, 6, 7, 4, 12]
[10, 4, 6, 5, 3]
[4, 9, 10, 8, 6]
[5, 10, 10, 9, 8]
[8, 6, 7, 3, 4]
[9, 8, 11, 16, 5]
[7, 5, 7, 4, 3]
[7, 8, 2, 5, 7]
[8, 5, 11, 14, 9]
[5, 6, 17, 7, 17]
[3, 7, 8, 8, 5]
[3, 3, 1, 3, 2]
[10, 5, 11, 11, 8]
[3, 2, 3, 1, 3]
[3, 4, 9, 7, 11]
[10, 5, 6, 4, 3]
[4, 9, 7, 5, 13]
[10, 8, 3, 4, 5]
[11, 4, 9, 7, 8]
[5, 9, 10, 8, 11]
[11, 7, 14, 6, 14]
[6, 4, 3, 2, 5]
[7, 8, 6, 3, 4]
[5, 2, 5, 5, 3]
[8, 14, 9, 11, 5]
[12, 13, 6, 10, 20]
[7, 11, 5, 10, 4]
[11, 18, 10, 19, 6]
[5, 7, 7, 3, 4]
[6, 8, 5, 3, 4]
[14, 5, 7, 10, 4]
[5, 10, 7, 15, 9]
[5, 2, 7, 4, 3]
[11, 8, 9, 14, 5]
[11, 7, 14, 14, 6]
[3, 4, 7, 8, 8]
[12, 7, 14, 6, 5]
[5, 3, 2, 6, 4]
[7, 13, 4, 9, 10]
[8, 7, 6, 4, 3]
[10, 12, 4, 13, 11]
[3, 8, 10, 7, 6]
[9, 11, 13, 8, 5]
[3, 6, 4, 5, 2]
[10, 3, 8, 5, 4]
[5, 7, 10, 4, 14]
[3, 11, 11, 4, 5]
[8, 6, 5, 7, 3]
[5, 9, 7, 15, 10]
[9, 5, 8, 16, 11]
[10, 7, 8, 3, 4]
[5, 9, 11, 11, 6]
[14, 12, 7, 5, 6]
[11, 9, 4, 7, 8]
[6, 3, 8, 7, 9]
[4, 8, 8, 3, 9]
[5, 10, 9, 8, 11]
[4, 9, 7, 6, 10]
[6, 7, 3, 8, 5]
[6, 5, 7, 8, 3]
[11, 5, 7, 4, 10]
[10, 4, 5, 7, 14]
[11, 7, 6, 15, 4]
[8, 9, 4, 10, 5]
[6, 8, 7, 3, 4]
[5, 3, 7, 8, 6]
[3, 9, 7, 11, 4]
[9, 11, 4, 7, 8]
[3, 1, 3, 2, 3]
[4, 5, 7, 13, 9]
[6, 3, 7, 8, 5]
[10, 3, 6, 6, 5]
[8, 11, 10, 5, 11]
[5, 7, 7, 3, 6]
[5, 7, 10, 4, 11]
[8, 6, 3, 7, 5]
[10, 5, 6, 6, 3]
[3, 2, 3, 3, 1]
[3, 4, 6, 2, 5]
[10, 8, 5, 9, 4]
[5, 3, 4, 6, 2]
[5, 7, 4, 10, 11]
[12, 6, 10, 20, 13]
[8, 10, 14, 9, 5]
[4, 10, 5, 9, 7]
[7, 4, 5, 10, 11]
[1, 3, 3, 3, 1]
[7, 10, 4, 5, 11]
[4, 9, 6, 7, 10]
[7, 5, 2, 4, 3]
[7, 14, 5, 9, 4]
[11, 13, 9, 5, 8]
[7, 7, 5, 6, 3]
[9, 6, 11, 4, 5]
[7, 8, 10, 3, 4]
[14, 11, 7, 14, 6]
[3, 1, 3, 1, 3]
[5, 9, 17, 8, 17]
[9, 9, 3, 4, 7]
[6, 11, 15, 10, 14]
[8, 9, 11, 14, 5]
[9, 14, 5, 8, 11]
[4, 3, 2, 5, 6]
[4, 10, 7, 5, 9]
[8, 11, 5, 14, 9]
[14, 8, 5, 9, 11]
[8, 5, 6, 7, 3]
[6, 3, 5, 8, 7]
[3, 10, 8, 6, 7]
[3, 6, 2, 5, 4]
[7, 11, 3, 5, 4]
[6, 11, 7, 4, 12]
[6, 12, 7, 11, 4]
[11, 5, 9, 14, 8]
[4, 5, 14, 7, 9]
[8, 4, 8, 3, 5]
[4, 2, 6, 3, 5]
[5, 7, 11, 10, 4]
[3, 11, 4, 5, 8]
[7, 5, 3, 2, 4]
[6, 21, 11, 14, 10]
[7, 4, 11, 6, 15]
[4, 5, 9, 13, 7]
[4, 10, 9, 8, 6]
[4, 10, 7, 6, 9]
[5, 3, 2, 5, 5]
[11, 8, 5, 9, 16]
[4, 5, 11, 3, 8]
[6, 7, 8, 4, 3]
[9, 11, 7, 8, 4]
[5, 6, 8, 3, 4]
[11, 6, 14, 7, 14]
[14, 7, 5, 4, 10]
[7, 6, 4, 11, 12]
[5, 4, 11, 8, 3]
[7, 9, 3, 4, 11]
[7, 5, 4, 10, 11]
[2, 8, 5, 6, 8]
[10, 8, 5, 4, 9]
[4, 10, 5, 7, 9]
[10, 7, 4, 11, 5]
[5, 6, 8, 3, 7]
[3, 7, 7, 5, 4]
[14, 7, 12, 5, 6]
[8, 9, 5, 11, 16]
[3, 7, 9, 4, 5]
[11, 9, 13, 8, 5]
[5, 11, 7, 10, 4]
[7, 5, 3, 6, 8]
[8, 4, 9, 8, 3]
[1, 3, 1, 3, 3]
[7, 15, 17, 16, 12]
[9, 5, 14, 8, 11]
[8, 5, 9, 11, 16]
[5, 3, 10, 8, 8]
[4, 9, 3, 7, 9]
[8, 10, 4, 3, 5]
[4, 7, 6, 9, 13]
[6, 3, 2, 5, 4]
[4, 5, 3, 2, 6]
[5, 10, 12, 7, 11]
[10, 4, 9, 7, 13]
[7, 9, 10, 13, 4]
[2, 3, 3, 3, 1]
[8, 15, 17, 5, 9]
[5, 11, 9, 6, 11]
[4, 10, 8, 5, 3]
[11, 7, 5, 4, 10]
[10, 5, 4, 7, 11]
[5, 3, 4, 2, 8]
[4, 10, 6, 9, 7]
[3, 1, 2, 3, 3]
[7, 11, 4, 6, 15]
[5, 8, 6, 3, 4]
[6, 8, 3, 7, 5]
[7, 8, 6, 4, 3]
[5, 15, 6, 20, 13]
[14, 5, 8, 11, 9]
[11, 7, 5, 10, 4]
[5, 7, 14, 9, 4]
[7, 7, 3, 6, 5]
[5, 9, 8, 11, 10]
[12, 11, 4, 13, 10]
[6, 11, 9, 4, 5]
[2, 8, 6, 8, 5]
[3, 2, 5, 4, 8]
[10, 4, 8, 9, 5]
[4, 9, 7, 3, 9]
[7, 5, 6, 8, 3]
[7, 12, 14, 6, 5]
[5, 4, 3, 6, 2]
[4, 11, 6, 8, 9]
[11, 7, 6, 4, 12]
[6, 8, 14, 4, 5]
[7, 5, 6, 3, 8]
[7, 6, 12, 4, 11]
[14, 9, 8, 11, 5]
[7, 14, 12, 6, 5]
[7, 17, 11, 5, 6]
[7, 9, 8, 3, 12]
[10, 11, 8, 5, 11]
[23, 15, 10, 8, 9]
[13, 7, 26, 12, 11]
[6, 12, 4, 7, 11]
[10, 12, 13, 18, 6]
[5, 4, 11, 12, 12]
[3, 5, 5, 2, 5]
[4, 6, 13, 14, 5]
[4, 9, 6, 8, 11]
[5, 14, 6, 4, 13]
[10, 5, 8, 11, 11]
[4, 8, 11, 6, 9]
[9, 8, 5, 16, 11]
[3, 7, 8, 10, 5]
[5, 8, 3, 7, 6]
[5, 4, 2, 6, 3]
[8, 5, 8, 3, 10]
[5, 3, 9, 4, 11]
[8, 8, 4, 3, 5]
[9, 7, 6, 3, 8]
[5, 9, 10, 11, 8]
[11, 5, 4, 12, 12]
[6, 10, 15, 11, 14]
[6, 12, 13, 13, 10]
[3, 3, 1, 2, 3]
[4, 9, 6, 7, 13]
[10, 11, 18, 19, 6]
[4, 6, 2, 5, 3]
[6, 3, 5, 7, 8]
[4, 5, 3, 2, 8]
[7, 14, 11, 6, 14]
[5, 4, 2, 3, 8]
[10, 4, 7, 9, 13]
[8, 10, 3, 5, 4]
[4, 6, 3, 12, 9]
[3, 5, 7, 4, 2]
[4, 9, 8, 11, 6]
[10, 11, 14, 5, 8]
[6, 7, 5, 3, 8]
[6, 4, 11, 12, 7]
[13, 4, 10, 12, 11]
[18, 6, 14, 10, 11]
[5, 4, 7, 14, 10]
[4, 10, 8, 3, 5]
[6, 3, 8, 5, 7]
[9, 8, 5, 11, 16]
[5, 10, 9, 15, 8]
[10, 5, 7, 4, 11]
[10, 10, 3, 8, 10]
[3, 7, 7, 4, 5]
[2, 3, 1, 3, 3]
[3, 7, 4, 8, 8]
[7, 4, 11, 6, 12]
[4, 14, 8, 6, 9]
[8, 7, 3, 4, 6]
[5, 8, 10, 9, 11]
[6, 7, 12, 11, 4]
[6, 14, 10, 11, 15]
[7, 4, 10, 5, 14]
[3, 8, 7, 8, 4]
[11, 14, 6, 7, 14]
[11, 26, 13, 7, 12]
[4, 10, 9, 6, 8]
[6, 5, 3, 7, 8]
[10, 5, 4, 11, 7]
[5, 11, 8, 9, 10]
[14, 4, 5, 10, 7]
[5, 7, 6, 2, 5]
[8, 11, 9, 5, 16]
[11, 5, 8, 9, 16]
[11, 9, 13, 5, 8]
[5, 3, 5, 2, 5]
[6, 8, 3, 7, 9]
[7, 5, 3, 4, 2]
[3, 7, 8, 8, 4]
[7, 11, 4, 10, 5]
[7, 5, 3, 8, 6]
[7, 10, 8, 4, 3]
[4, 12, 5, 12, 11]
[9, 3, 7, 4, 11]
[2, 6, 7, 7, 3]
[5, 6, 8, 7, 3]
[9, 4, 11, 7, 8]
[12, 6, 10, 13, 20]
[11, 12, 4, 12, 5]
[20, 19, 5, 10, 6]
[11, 6, 3, 4, 11]
[6, 5, 14, 13, 4]
[7, 6, 3, 8, 9]
[8, 4, 10, 3, 5]
[5, 4, 9, 8, 10]
[5, 8, 9, 10, 11]
[12, 7, 5, 5, 3]
[7, 6, 8, 4, 3]
[2, 6, 5, 4, 7]
[7, 15, 13, 11, 12]
[4, 6, 10, 9, 7]
[5, 7, 2, 3, 4]
[11, 7, 9, 4, 8]
[6, 7, 3, 5, 8]
[7, 4, 5, 10, 14]
[6, 5, 6, 2, 3]
[3, 7, 4, 11, 9]
[10, 8, 14, 9, 5]
[3, 5, 2, 6, 4]
[8, 4, 8, 5, 3]
[8, 6, 7, 4, 3]
[3, 5, 11, 4, 8]
[17, 7, 11, 6, 8]
[6, 4, 7, 12, 11]
[9, 14, 5, 11, 8]
[7, 15, 13, 12, 11]
[8, 6, 3, 2, 6]
[11, 4, 7, 10, 5]
[4, 8, 9, 11, 6]
[9, 8, 14, 11, 5]
[7, 4, 11, 15, 6]
[11, 6, 14, 14, 7]
[9, 14, 12, 6, 5]
[6, 4, 3, 5, 2]
[8, 4, 11, 3, 7]
[9, 11, 4, 8, 7]
[7, 12, 6, 11, 4]
[2, 6, 6, 4, 5]
[5, 7, 11, 4, 10]
[7, 15, 12, 16, 19]
[10, 13, 4, 11, 12]
[5, 8, 6, 4, 3]
[5, 12, 4, 11, 12]
[11, 4, 9, 8, 7]
[10, 12, 8, 4, 9]
[3, 4, 5, 2, 8]
[8, 4, 5, 10, 9]
[2, 4, 5, 7, 6]
[7, 11, 9, 4, 8]
[7, 5, 7, 3, 6]
[5, 7, 7, 6, 3]
[14, 11, 6, 7, 14]
[11, 7, 5, 3, 10]
[10, 2, 4, 4, 3]
[10, 8, 4, 5, 9]
[7, 8, 3, 9, 6]
[6, 14, 13, 9, 21]
[9, 3, 9, 4, 7]
[10, 4, 12, 9, 8]
[14, 5, 8, 9, 11]
[8, 5, 4, 9, 10]
[3, 5, 8, 7, 10]
[3, 5, 4, 6, 2]
[14, 4, 7, 10, 5]
[7, 8, 4, 6, 3]
[9, 8, 5, 10, 4]
[4, 12, 12, 11, 5]
[5, 9, 10, 7, 15]
[8, 9, 4, 8, 3]
[9, 7, 3, 8, 6]
[7, 10, 4, 5, 14]
[14, 15, 9, 7, 5]
[12, 7, 12, 6, 5]
[6, 7, 9, 3, 8]
[7, 4, 8, 3, 6]
[5, 11, 10, 12, 7]
[8, 3, 7, 4, 6]
[8, 4, 9, 5, 10]
[7, 19, 12, 16, 15]
[10, 4, 7, 11, 5]
[7, 3, 9, 11, 4]
[9, 11, 5, 16, 8]
[6, 9, 14, 13, 21]
[8, 3, 5, 6, 7]
[4, 6, 8, 9, 11]
[3, 4, 6, 5, 2]
[7, 12, 6, 4, 11]
[8, 14, 5, 9, 11]
[5, 7, 12, 10, 11]
[5, 4, 11, 7, 10]
[6, 8, 3, 5, 7]
[11, 24, 10, 14, 6]
[4, 7, 10, 6, 9]
[5, 7, 4, 11, 10]
[4, 10, 7, 9, 5]
[6, 3, 8, 7, 5]
[5, 17, 6, 7, 17]
[7, 11, 4, 12, 6]
[7, 5, 11, 10, 4]
[4, 7, 5, 9, 13]
[9, 11, 5, 14, 8]
[8, 3, 4, 8, 9]
[6, 3, 7, 8, 9]
[8, 5, 3, 7, 6]
[5, 3, 8, 6, 7]
[4, 12, 15, 10, 5]
[4, 2, 3, 6, 5]
[5, 3, 6, 8, 7]
[10, 7, 4, 14, 5]
[5, 6, 8, 4, 3]
[3, 2, 4, 5, 8]
[3, 3, 2, 1, 3]
[11, 6, 4, 7, 12]
[3, 7, 5, 2, 4]
[7, 5, 7, 6, 3]
[16, 9, 8, 5, 11]
[8, 9, 3, 4, 8]
[8, 3, 6, 7, 5]
[4, 6, 9, 10, 7]
