[8, 10, 9, 6]
[18, 10, 11, 15]
[7, 9, 5, 9]
[4, 11, 9, 5]
[16, 13, 11, 17]
[5, 9, 6, 4]
[8, 10, 11, 6]
[7, 11, 8, 15]
[8, 10, 7, 13]
[8, 7, 9, 5]
[10, 15, 9, 7]
[11, 13, 17, 8]
[7, 6, 4, 5]
[11, 8, 7, 9]
[7, 12, 10, 8]
[8, 15, 10, 14]
[11, 10, 8, 6]
[14, 15, 10, 8]
[14, 9, 12, 7]
[6, 10, 5, 7]
[14, 10, 15, 8]
[7, 13, 10, 8]
[10, 15, 16, 7]
[15, 7, 6, 11]
[7, 10, 8, 15]
[9, 16, 13, 12]
[11, 9, 6, 5]
[14, 17, 9, 12]
[3, 7, 7, 4]
[10, 6, 5, 7]
[5, 6, 10, 7]
[9, 5, 6, 11]
[8, 12, 10, 7]
[15, 16, 10, 17]
[9, 8, 7, 11]
[19, 10, 15, 18]
[5, 10, 7, 6]
[9, 11, 6, 5]
[10, 15, 17, 16]
[17, 12, 13, 10]
[7, 8, 10, 12]
[21, 22, 16, 14]
[21, 11, 17, 13]
[11, 15, 8, 7]
[8, 11, 9, 7]
[11, 9, 17, 12]
[8, 7, 11, 15]
[17, 13, 16, 11]
[11, 7, 9, 8]
[12, 13, 10, 17]
[9, 10, 7, 13]
[13, 15, 19, 16]
[12, 10, 9, 13]
[15, 19, 10, 18]
[11, 7, 8, 9]
[9, 11, 8, 7]
[17, 10, 9, 15]
[11, 15, 10, 19]
[6, 10, 9, 8]
[5, 6, 4, 9]
[9, 17, 10, 15]
[5, 8, 9, 6]
[11, 8, 9, 7]
[7, 5, 9, 9]
[16, 12, 24, 15]
[8, 4, 9, 6]
[16, 17, 15, 10]
[15, 19, 10, 11]
[4, 5, 7, 6]
[25, 10, 23, 24]
[6, 10, 8, 9]
[6, 11, 8, 13]
[15, 10, 19, 11]
[6, 3, 5, 6]
[12, 11, 9, 17]
[11, 17, 13, 16]
[9, 4, 8, 6]
[15, 13, 16, 19]
[10, 13, 8, 7]
[4, 2, 3, 3]
[7, 15, 10, 9]
[10, 6, 7, 5]
[7, 8, 10, 13]
[5, 6, 4, 7]
[3, 6, 6, 5]
[10, 6, 14, 9]
[10, 15, 16, 17]
[6, 6, 8, 5]
[10, 15, 8, 14]
[16, 19, 13, 15]
[11, 15, 10, 14]
[7, 9, 9, 5]
[15, 13, 19, 16]
[17, 13, 12, 7]
[7, 14, 12, 8]
[8, 5, 7, 9]
[15, 11, 8, 7]
[7, 11, 5, 9]
[10, 17, 13, 8]
[4, 8, 9, 6]
[15, 11, 14, 10]
[5, 9, 7, 11]
[4, 5, 7, 4]
[9, 11, 12, 5]
[8, 9, 11, 5]
[15, 18, 11, 10]
[12, 7, 8, 14]
[16, 13, 15, 19]
[4, 4, 5, 7]
[8, 5, 9, 6]
[9, 11, 5, 12]
[15, 10, 16, 7]
[26, 14, 21, 17]
[10, 13, 17, 12]
[12, 8, 14, 7]
[15, 8, 10, 14]
[7, 4, 5, 4]
[8, 9, 7, 11]
[5, 8, 7, 9]
[8, 6, 11, 10]
[16, 19, 21, 10]
[19, 13, 15, 16]
[8, 11, 13, 17]
[6, 8, 5, 9]
[14, 5, 10, 6]
[17, 15, 16, 10]
[13, 10, 9, 12]
[9, 12, 11, 17]
[3, 5, 6, 6]
[9, 8, 5, 7]
[7, 9, 12, 14]
[18, 14, 8, 9]
[25, 33, 34, 20]
[9, 12, 20, 14]
[25, 20, 34, 33]
[13, 7, 8, 10]
[9, 10, 8, 6]
[14, 16, 21, 22]
[25, 12, 26, 10]
[7, 5, 9, 11]
[10, 19, 11, 15]
[9, 15, 17, 10]
[14, 10, 8, 15]
[7, 4, 6, 5]
[11, 19, 10, 15]
[18, 15, 11, 10]
[7, 14, 12, 9]
[13, 10, 9, 7]
[10, 13, 9, 12]
[8, 17, 11, 13]
[12, 11, 17, 8]
[16, 11, 17, 13]
[16, 11, 6, 13]
[6, 6, 5, 3]
[8, 11, 5, 12]
[15, 10, 11, 19]
[11, 10, 19, 15]
[10, 16, 15, 17]
[6, 13, 8, 11]
[18, 8, 9, 14]
[13, 8, 6, 11]
[8, 12, 14, 7]
[12, 13, 9, 16]
[17, 10, 16, 15]
[10, 18, 19, 15]
[5, 6, 6, 3]
[14, 9, 10, 6]
[12, 16, 13, 9]
[16, 21, 14, 22]
[21, 10, 16, 19]
[7, 10, 13, 8]
[15, 8, 10, 7]
[8, 14, 10, 15]
[15, 10, 7, 16]
[11, 9, 7, 8]
[6, 5, 9, 8]
[5, 5, 2, 4]
[13, 10, 17, 12]
[10, 8, 11, 6]
[5, 6, 9, 11]
[18, 10, 19, 15]
[8, 7, 10, 15]
[17, 8, 13, 10]
[6, 11, 8, 10]
[15, 12, 24, 16]
[19, 16, 10, 21]
[7, 5, 10, 6]
[16, 24, 12, 15]
[10, 18, 15, 11]
[16, 9, 12, 13]
[13, 11, 27, 15]
[8, 5, 9, 11]
[7, 8, 10, 15]
[9, 11, 12, 17]
[6, 8, 11, 13]
[11, 13, 16, 17]
[6, 16, 11, 13]
[8, 6, 5, 9]
[10, 7, 16, 15]
[10, 13, 9, 7]
[22, 16, 14, 21]
[11, 8, 13, 17]
[17, 10, 13, 8]
[17, 14, 21, 26]
[11, 15, 14, 10]
[13, 10, 12, 9]
[16, 10, 19, 21]
[13, 8, 11, 17]
[9, 7, 5, 9]
[8, 10, 12, 7]
[9, 15, 10, 17]
[10, 7, 5, 6]
[14, 8, 15, 10]
[8, 15, 7, 11]
[10, 15, 19, 11]
[7, 5, 6, 4]
[12, 17, 9, 11]
[9, 8, 11, 7]
[15, 11, 10, 19]
[13, 7, 9, 10]
[5, 4, 4, 7]
[17, 12, 7, 13]
[11, 21, 15, 9]
[15, 18, 10, 11]
[9, 16, 12, 13]
[12, 24, 15, 16]
[8, 13, 17, 11]
[6, 15, 11, 7]
[16, 15, 12, 24]
[10, 8, 7, 15]
[6, 9, 11, 5]
[15, 16, 24, 12]
[11, 15, 7, 8]
[10, 25, 24, 23]
[10, 16, 7, 15]
[11, 8, 9, 5]
[9, 8, 6, 5]
[9, 15, 10, 7]
[10, 12, 17, 13]
[16, 17, 10, 15]
[7, 11, 15, 8]
[9, 10, 17, 15]
[7, 9, 13, 10]
[9, 7, 8, 5]
[9, 7, 11, 8]
[13, 11, 5, 12]
[8, 13, 11, 17]
[9, 18, 8, 14]
[18, 10, 15, 19]
[15, 18, 10, 19]
[9, 12, 16, 13]
[13, 11, 8, 17]
[10, 12, 13, 17]
[16, 12, 13, 9]
[17, 11, 9, 12]
[11, 18, 15, 10]
[3, 6, 5, 6]
[16, 13, 9, 12]
[16, 19, 10, 21]
[21, 16, 22, 14]
[11, 8, 6, 10]
[9, 7, 5, 11]
[8, 11, 12, 17]
[9, 12, 10, 13]
[11, 7, 8, 15]
[15, 10, 17, 16]
[9, 8, 5, 5]
[11, 10, 6, 8]
[16, 15, 7, 10]
[14, 10, 11, 15]
[13, 17, 11, 8]
[9, 11, 7, 5]
[7, 6, 5, 4]
[9, 5, 6, 8]
[8, 9, 6, 10]
[12, 17, 10, 13]
[11, 7, 6, 15]
[8, 11, 9, 5]
[19, 21, 10, 16]
[19, 10, 18, 15]
[10, 7, 8, 13]
[12, 9, 13, 16]
[18, 20, 11, 8]
[12, 15, 16, 24]
[5, 9, 8, 5]
[7, 10, 9, 15]
[9, 7, 11, 5]
[9, 6, 5, 11]
[9, 10, 13, 7]
[19, 15, 18, 10]
[15, 19, 11, 10]
[24, 15, 12, 16]
[6, 9, 4, 8]
[8, 9, 5, 11]
[13, 6, 11, 8]
[8, 6, 10, 11]
[17, 21, 22, 10]
[6, 5, 6, 8]
[9, 17, 12, 14]
[13, 11, 21, 17]
