[17, 7, 16, 10, 25]
[7, 9, 10, 4, 6]
[10, 6, 12, 5, 19]
[5, 16, 13, 6, 13]
[9, 5, 14, 8, 16]
[7, 12, 5, 4, 14]
[11, 12, 7, 9, 4]
[13, 10, 4, 11, 9]
[7, 16, 9, 22, 21]
[6, 12, 15, 5, 16]
[18, 16, 13, 10, 9]
[10, 5, 19, 13, 9]
[12, 11, 5, 12, 7]
[7, 5, 4, 16, 12]
[18, 25, 13, 10, 18]
[6, 16, 13, 17, 11]
[11, 5, 7, 12, 20]
[6, 13, 18, 19, 8]
[9, 5, 20, 13, 8]
[15, 10, 14, 9, 4]
[4, 9, 15, 12, 14]
[5, 6, 11, 15, 17]
[7, 16, 6, 11, 22]
[13, 16, 9, 17, 7]
[7, 9, 21, 23, 22]
[3, 5, 6, 7, 12]
[11, 7, 4, 3, 6]
[17, 15, 17, 6, 16]
[12, 11, 10, 4, 6]
[10, 27, 6, 18, 11]
[6, 22, 11, 18, 10]
[6, 16, 15, 13, 12]
[11, 7, 4, 6, 13]
[12, 5, 15, 16, 6]
[15, 11, 9, 8, 5]
[16, 12, 6, 15, 14]
[17, 24, 12, 10, 16]
[6, 11, 15, 5, 13]
[8, 14, 23, 12, 7]
[11, 14, 7, 6, 16]
[11, 10, 13, 5, 9]
[9, 24, 13, 8, 29]
[18, 15, 7, 13, 6]
[14, 11, 14, 4, 10]
[6, 9, 11, 4, 8]
[12, 13, 5, 10, 7]
[13, 16, 12, 6, 14]
[7, 4, 11, 10, 9]
[8, 7, 19, 20, 12]
[5, 7, 19, 16, 10]
[9, 11, 6, 24, 21]
[12, 5, 7, 11, 15]
[9, 10, 8, 10, 4]
[5, 11, 14, 13, 10]
[24, 31, 13, 10, 21]
[19, 8, 13, 5, 9]
[15, 5, 6, 13, 11]
[11, 7, 14, 13, 5]
[6, 8, 7, 7, 3]
[5, 14, 11, 7, 13]
[11, 9, 21, 5, 8]
[9, 5, 13, 9, 4]
[8, 5, 13, 21, 6]
[8, 27, 16, 21, 14]
[8, 12, 14, 5, 7]
[12, 13, 4, 8, 6]
[7, 19, 11, 13, 18]
[9, 10, 11, 12, 3]
[4, 7, 6, 17, 12]
[11, 14, 6, 13, 33]
[7, 5, 15, 10, 14]
[11, 6, 5, 15, 13]
[5, 7, 11, 14, 13]
[14, 5, 9, 11, 4]
[12, 13, 11, 17, 6]
[6, 13, 10, 19, 20]
[5, 12, 10, 16, 9]
[8, 15, 4, 7, 10]
[10, 9, 8, 4, 10]
[12, 10, 27, 32, 26]
[11, 10, 9, 5, 6]
[26, 15, 10, 18, 8]
[11, 22, 35, 36, 16]
[13, 9, 15, 10, 5]
[24, 8, 19, 9, 13]
[14, 6, 9, 4, 5]
[7, 6, 8, 3, 7]
[14, 6, 13, 17, 9]
[12, 15, 6, 19, 10]
[6, 17, 19, 7, 14]
[4, 9, 5, 11, 10]
[9, 10, 4, 6, 8]
[6, 7, 5, 5, 2]
[7, 18, 19, 9, 16]
[15, 6, 10, 16, 19]
[14, 3, 5, 6, 7]
[11, 16, 10, 6, 23]
[19, 8, 12, 31, 7]
[20, 25, 12, 16, 15]
[17, 9, 11, 6, 18]
[18, 8, 12, 10, 5]
[5, 12, 13, 10, 8]
[7, 18, 17, 15, 13]
[26, 21, 25, 9, 11]
[11, 10, 18, 27, 6]
[7, 5, 6, 4, 3]
[13, 14, 4, 10, 13]
[11, 7, 18, 22, 13]
[6, 8, 24, 9, 22]
[5, 13, 14, 15, 8]
[13, 14, 5, 12, 9]
[9, 4, 11, 10, 7]
[16, 12, 15, 5, 17]
[7, 9, 17, 16, 23]
[12, 7, 8, 6, 4]
[5, 13, 8, 6, 21]
[26, 23, 8, 9, 10]
[8, 3, 6, 5, 6]
[5, 11, 13, 10, 14]
[11, 6, 13, 5, 15]
[30, 22, 15, 13, 22]
[10, 12, 8, 4, 5]
[19, 8, 20, 17, 12]
[8, 16, 9, 14, 5]
[13, 14, 6, 11, 25]
[13, 25, 9, 22, 7]
[9, 14, 8, 14, 5]
[10, 12, 13, 5, 9]
[8, 11, 7, 4, 5]
[19, 6, 10, 12, 5]
[5, 12, 7, 20, 11]
[16, 6, 18, 11, 10]
[18, 10, 11, 22, 6]
[27, 16, 37, 36, 12]
[7, 9, 17, 22, 24]
[27, 24, 9, 18, 11]
[11, 6, 14, 5, 4]
[9, 6, 4, 14, 9]
[10, 17, 6, 12, 15]
[11, 10, 9, 6, 5]
[8, 9, 4, 11, 9]
[3, 7, 9, 6, 5]
[10, 12, 13, 9, 5]
[9, 22, 11, 15, 6]
[11, 3, 9, 5, 4]
[8, 12, 19, 7, 31]
[21, 5, 7, 11, 12]
[6, 11, 19, 20, 8]
[5, 19, 19, 7, 8]
[13, 12, 10, 13, 6]
[3, 6, 5, 12, 7]
[10, 5, 9, 16, 12]
[12, 9, 11, 4, 5]
[5, 11, 15, 13, 6]
[22, 18, 10, 7, 9]
[15, 13, 7, 10, 11]
[11, 6, 16, 13, 17]
[7, 13, 14, 5, 16]
[5, 13, 11, 10, 14]
[7, 17, 14, 11, 22]
[10, 11, 5, 12, 8]
[14, 12, 15, 16, 6]
[13, 19, 7, 11, 18]
[5, 7, 3, 6, 12]
[14, 5, 9, 4, 11]
[16, 14, 12, 7, 8]
[19, 7, 8, 12, 31]
[11, 7, 6, 17, 4]
[13, 16, 7, 17, 9]
[16, 6, 7, 11, 26]
[8, 10, 9, 4, 7]
[10, 5, 13, 14, 11]
[7, 21, 15, 23, 9]
[16, 18, 7, 14, 15]
[6, 2, 7, 4, 8]
[6, 7, 11, 28, 14]
[10, 5, 12, 14, 9]
[18, 7, 15, 12, 25]
[13, 4, 8, 9, 7]
[13, 18, 16, 7, 17]
[10, 12, 8, 11, 5]
[13, 18, 17, 7, 15]
[4, 6, 9, 3, 10]
[17, 13, 6, 14, 11]
[15, 7, 9, 8, 4]
[15, 13, 17, 16, 6]
[7, 10, 15, 5, 14]
[11, 9, 5, 9, 4]
[12, 7, 11, 15, 5]
[8, 11, 6, 19, 20]
[8, 4, 7, 11, 8]
[8, 11, 16, 9, 5]
[6, 20, 8, 19, 11]
[11, 6, 8, 19, 20]
[12, 27, 26, 32, 10]
[7, 12, 4, 5, 12]
[6, 15, 10, 12, 17]
[19, 16, 7, 13, 11]
[10, 17, 6, 11, 5]
[20, 23, 17, 9, 15]
[16, 17, 13, 15, 8]
[9, 6, 16, 4, 5]
[9, 11, 14, 4, 5]
[13, 9, 5, 10, 4]
[12, 5, 13, 4, 12]
[9, 16, 33, 15, 35]
[18, 15, 6, 7, 13]
[5, 10, 14, 9, 12]
[20, 23, 30, 41, 11]
[11, 10, 13, 14, 5]
[6, 12, 3, 5, 7]
[13, 10, 6, 15, 18]
[5, 15, 10, 7, 14]
[10, 15, 6, 17, 12]
[19, 11, 7, 13, 18]
[14, 5, 18, 19, 6]
[8, 6, 7, 7, 3]
[13, 6, 10, 18, 15]
[6, 16, 16, 14, 15]
[17, 8, 19, 23, 16]
[12, 22, 8, 21, 15]
[15, 12, 6, 10, 11]
[11, 16, 5, 8, 7]
[6, 5, 8, 3, 6]
[8, 18, 9, 5, 20]
[10, 27, 11, 20, 7]
[13, 8, 9, 17, 5]
[18, 7, 14, 24, 13]
[3, 4, 13, 6, 9]
[13, 6, 15, 5, 10]
[14, 7, 29, 10, 19]
[6, 10, 19, 12, 5]
[7, 25, 8, 12, 19]
[16, 12, 8, 5, 10]
[6, 27, 11, 18, 10]
[11, 6, 18, 10, 22]
[6, 8, 16, 26, 13]
[5, 14, 12, 11, 7]
[5, 17, 9, 8, 13]
[9, 14, 17, 24, 30]
[19, 7, 18, 6, 11]
[13, 5, 15, 14, 8]
[16, 10, 7, 18, 17]
[16, 10, 6, 11, 23]
[8, 12, 25, 7, 19]
[12, 9, 5, 8, 7]
[7, 8, 5, 5, 3]
[7, 9, 12, 4, 6]
[12, 15, 10, 11, 6]
[12, 5, 16, 6, 15]
[16, 7, 5, 4, 12]
[13, 14, 18, 24, 7]
[11, 9, 6, 21, 22]
[7, 5, 14, 12, 4]
[17, 24, 8, 11, 24]
[12, 8, 7, 19, 22]
[7, 8, 10, 5, 4]
[3, 12, 9, 10, 11]
[27, 22, 15, 13, 24]
[4, 14, 5, 9, 11]
[12, 7, 4, 12, 5]
[10, 12, 17, 6, 15]
[23, 8, 15, 24, 13]
[4, 12, 13, 7, 6]
[18, 9, 17, 6, 8]
[10, 11, 6, 18, 27]
[5, 12, 15, 6, 8]
[14, 11, 5, 10, 6]
[5, 7, 6, 3, 4]
[11, 10, 13, 9, 5]
[5, 16, 7, 12, 4]
[15, 10, 6, 12, 17]
[21, 10, 23, 22, 8]
[9, 26, 16, 17, 7]
[6, 14, 5, 19, 18]
[7, 16, 18, 17, 13]
[7, 19, 10, 16, 5]
[10, 5, 19, 9, 13]
[9, 5, 10, 12, 19]
[7, 4, 14, 12, 13]
[6, 16, 5, 12, 15]
[11, 17, 6, 5, 10]
[6, 11, 10, 18, 27]
[12, 13, 9, 11, 4]
[22, 12, 8, 21, 15]
[14, 13, 6, 15, 9]
[10, 14, 7, 5, 14]
[4, 9, 11, 7, 10]
[20, 7, 16, 13, 22]
[21, 27, 35, 48, 12]
[12, 4, 5, 7, 16]
[7, 13, 13, 12, 4]
[6, 11, 14, 4, 7]
[7, 22, 16, 9, 21]
[9, 24, 19, 13, 8]
[14, 10, 7, 5, 14]
[19, 8, 7, 12, 22]
[12, 7, 10, 5, 18]
[5, 20, 8, 18, 9]
[19, 7, 13, 17, 18]
[14, 9, 13, 7, 6]
[9, 18, 5, 8, 20]
[7, 14, 8, 4, 5]
[9, 10, 4, 10, 8]
[20, 23, 19, 15, 9]
[7, 19, 8, 29, 17]
[16, 5, 8, 14, 9]
[15, 7, 16, 5, 10]
[18, 11, 7, 16, 6]
[7, 10, 20, 12, 5]
[13, 14, 7, 12, 10]
[5, 11, 10, 14, 13]
[20, 15, 6, 20, 14]
[6, 14, 9, 4, 5]
[7, 27, 24, 26, 23]
[10, 7, 19, 15, 31]
[14, 5, 11, 13, 7]
[6, 13, 11, 5, 15]
[13, 10, 11, 14, 5]
[6, 11, 14, 5, 4]
[14, 10, 7, 14, 5]
[5, 21, 7, 11, 12]
[11, 4, 8, 3, 6]
[18, 11, 10, 6, 22]
[8, 10, 17, 5, 6]
[21, 8, 19, 18, 12]
[15, 10, 13, 6, 18]
[11, 9, 22, 6, 21]
[15, 10, 8, 12, 5]
[9, 23, 14, 8, 7]
[9, 23, 14, 7, 8]
[5, 6, 8, 23, 13]
[13, 21, 16, 6, 22]
[10, 11, 8, 5, 12]
[15, 11, 7, 5, 6]
[9, 4, 20, 8, 7]
[10, 27, 7, 11, 20]
[9, 11, 12, 16, 5]
[6, 5, 12, 15, 16]
[17, 33, 31, 13, 30]
[4, 7, 14, 18, 6]
[6, 14, 9, 13, 17]
[6, 18, 7, 4, 14]
[14, 6, 12, 16, 15]
[6, 13, 17, 9, 14]
[11, 10, 6, 27, 18]
[5, 12, 18, 7, 8]
[2, 6, 7, 8, 4]
[9, 15, 5, 12, 11]
[23, 22, 13, 32, 15]
[6, 4, 7, 2, 8]
[11, 6, 21, 9, 24]
[27, 24, 11, 9, 18]
[22, 17, 14, 6, 18]
[8, 17, 19, 23, 16]
[11, 5, 4, 14, 12]
[5, 8, 17, 9, 13]
[14, 13, 5, 9, 16]
[7, 8, 12, 25, 19]
[4, 11, 6, 7, 17]
[10, 11, 18, 22, 6]
[11, 20, 6, 14, 7]
[13, 6, 11, 16, 17]
[10, 12, 7, 5, 18]
[13, 15, 10, 11, 7]
[12, 10, 5, 7, 18]
[29, 10, 19, 22, 38]
[13, 15, 5, 8, 7]
[8, 13, 7, 21, 20]
[7, 12, 19, 11, 5]
[6, 14, 13, 17, 9]
[17, 18, 9, 7, 16]
[16, 13, 6, 14, 12]
[10, 11, 13, 5, 9]
[9, 6, 21, 22, 11]
[21, 7, 15, 18, 17]
[13, 4, 12, 7, 8]
[8, 7, 13, 25, 17]
[6, 18, 14, 5, 9]
[10, 5, 14, 9, 12]
[11, 10, 6, 16, 23]
[11, 5, 9, 4, 14]
[17, 16, 5, 13, 15]
[4, 11, 14, 5, 9]
[12, 14, 6, 15, 16]
[5, 12, 6, 15, 16]
[9, 5, 18, 8, 20]
[6, 19, 13, 8, 14]
[20, 19, 12, 14, 17]
[5, 9, 12, 10, 14]
[6, 7, 16, 11, 4]
[6, 18, 10, 11, 22]
[6, 3, 9, 4, 13]
[7, 18, 17, 23, 9]
[16, 21, 7, 9, 20]
[7, 18, 9, 4, 8]
[7, 19, 17, 9, 16]
[11, 9, 5, 12, 16]
[16, 8, 6, 20, 13]
[3, 11, 5, 6, 7]
[19, 5, 6, 12, 10]
[12, 19, 7, 8, 21]
[11, 14, 6, 5, 10]
[11, 10, 27, 6, 18]
[12, 18, 14, 7, 29]
[15, 6, 10, 12, 22]
[9, 7, 10, 4, 6]
[10, 12, 5, 14, 8]
[17, 11, 16, 7, 19]
[18, 29, 10, 23, 30]
[16, 14, 9, 10, 6]
[5, 11, 13, 15, 6]
[12, 25, 7, 19, 8]
[15, 17, 12, 8, 11]
[18, 11, 7, 19, 13]
[9, 12, 11, 5, 4]
[5, 14, 6, 15, 13]
[15, 5, 11, 6, 17]
[4, 11, 15, 14, 6]
[7, 9, 11, 10, 4]
[7, 3, 8, 6, 7]
[10, 5, 9, 11, 20]
[11, 14, 5, 16, 6]
[25, 23, 7, 11, 8]
[13, 8, 4, 5, 13]
[14, 11, 33, 32, 9]
[17, 16, 8, 19, 23]
[12, 6, 15, 5, 8]
[11, 6, 13, 15, 5]
[6, 5, 13, 11, 15]
[11, 6, 21, 9, 22]
[8, 16, 17, 19, 23]
[9, 19, 24, 13, 8]
[17, 12, 10, 11, 6]
[12, 10, 13, 9, 5]
[8, 19, 17, 16, 23]
[6, 16, 15, 12, 13]
[11, 12, 15, 9, 6]
[9, 8, 20, 5, 18]
[6, 10, 22, 18, 11]
[11, 17, 5, 6, 10]
[9, 5, 7, 3, 6]
[11, 10, 7, 11, 4]
[9, 4, 7, 12, 13]
[10, 11, 5, 8, 12]
[9, 4, 5, 11, 16]
[12, 10, 13, 4, 6]
[9, 18, 11, 26, 25]
[9, 7, 18, 8, 4]
[7, 12, 5, 15, 11]
[5, 14, 19, 6, 18]
[18, 7, 17, 12, 6]
[7, 8, 13, 4, 5]
[11, 9, 10, 7, 4]
[7, 12, 25, 8, 19]
[5, 19, 6, 12, 10]
[23, 8, 14, 7, 12]
[14, 9, 16, 32, 31]
[8, 6, 7, 3, 7]
[6, 15, 12, 25, 11]
[10, 17, 7, 16, 5]
[6, 5, 10, 19, 12]
[16, 20, 7, 9, 21]
[8, 12, 4, 9, 7]
[15, 13, 7, 4, 11]
[20, 6, 11, 19, 8]
[6, 13, 14, 17, 9]
[17, 24, 10, 12, 16]
[12, 11, 20, 15, 6]
[7, 4, 11, 17, 6]
[7, 9, 11, 9, 3]
[4, 18, 9, 7, 8]
[13, 6, 19, 8, 14]
[11, 5, 15, 13, 6]
[9, 13, 12, 6, 5]
[19, 14, 11, 17, 7]
[9, 5, 13, 4, 9]
[9, 11, 4, 8, 7]
[11, 22, 10, 18, 6]
[17, 13, 16, 7, 18]
[19, 12, 8, 20, 18]
[8, 11, 20, 6, 19]
[4, 8, 7, 8, 11]
[14, 17, 6, 15, 16]
[7, 14, 8, 5, 4]
[6, 14, 5, 13, 15]
[8, 3, 6, 6, 5]
[8, 15, 18, 16, 23]
[12, 15, 10, 6, 11]
[9, 11, 15, 6, 22]
[11, 5, 7, 14, 13]
[5, 12, 14, 16, 15]
[5, 9, 7, 3, 6]
[18, 13, 19, 7, 16]
[8, 12, 13, 10, 5]
[11, 7, 3, 4, 6]
[37, 25, 13, 15, 36]
[16, 13, 12, 14, 6]
[14, 10, 6, 4, 11]
[37, 9, 16, 15, 11]
