[16, 16, 16, 1]
[15, 15, 14, 1]
[13, 14, 13, 1]
[11, 13, 12, 1]
[9, 12, 11, 1]
[7, 11, 10, 1]
[5, 10, 9, 1]
[4, 9, 8, 1]
[7, 17, 17, 2]
[3, 8, 7, 1]
[5, 15, 15, 2]
[2, 7, 7, 1]
[3, 12, 12, 2]
[7, 21, 18, 3]
[5, 18, 15, 3]
[9, 19, 19, 2]
[14, 13, 13, 1]
[12, 12, 12, 1]
[10, 11, 11, 1]
[8, 10, 10, 1]
[6, 9, 9, 1]
[9, 16, 16, 2]
[7, 14, 14, 2]
[5, 12, 12, 2]
[13, 11, 12, 1]
[12, 9, 11, 1]
[11, 7, 10, 1]
[9, 6, 9, 1]
[7, 5, 8, 1]
[5, 4, 7, 1]
[7, 7, 12, 2]
[10, 5, 9, 1]
[19, 9, 19, 2]
[8, 4, 9, 1]
[12, 7, 16, 2]
[16, 9, 16, 2]
[9, 4, 8, 1]
[17, 7, 17, 2]
[7, 3, 8, 1]
[10, 5, 14, 2]
[8, 3, 7, 1]
[15, 5, 15, 2]
[18, 7, 21, 3]
[7, 2, 7, 1]
[15, 5, 18, 3]
[12, 3, 12, 2]
[21, 7, 18, 3]
[18, 5, 15, 3]
[12, 5, 12, 2]
[14, 7, 14, 2]
[10, 8, 10, 1]
[8, 7, 9, 1]
[6, 6, 8, 1]
[4, 5, 7, 1]
[7, 9, 15, 2]
[3, 4, 6, 1]
[5, 8, 13, 2]
[7, 11, 15, 3]
[8, 10, 19, 3]
[2, 3, 6, 1]
[3, 5, 10, 2]
[5, 6, 10, 2]
[5, 8, 12, 3]
[11, 10, 11, 1]
[9, 9, 10, 1]
[7, 8, 9, 1]
[5, 7, 8, 1]
[14, 14, 12, 1]
[13, 13, 10, 1]
[12, 12, 8, 1]
[11, 11, 6, 1]
[19, 19, 9, 2]
[9, 8, 4, 1]
[16, 12, 7, 2]
[13, 11, 7, 2]
[5, 5, 3, 1]
[7, 8, 5, 2]
[8, 10, 7, 3]
[7, 10, 8, 3]
[3, 6, 4, 2]
[8, 16, 9, 6]
[4, 9, 7, 3]
[4, 10, 6, 3]
[5, 11, 7, 4]
[15, 9, 7, 2]
[6, 4, 3, 1]
[8, 7, 5, 2]
[6, 6, 5, 2]
[10, 11, 9, 4]
[21, 11, 10, 3]
[14, 14, 7, 2]
[11, 13, 7, 2]
[4, 6, 3, 1]
[6, 10, 5, 2]
[17, 17, 7, 2]
[8, 7, 3, 1]
[14, 10, 5, 2]
[11, 9, 5, 2]
[4, 4, 2, 1]
[9, 10, 5, 3]
[4, 6, 3, 2]
[9, 16, 8, 6]
[13, 8, 5, 2]
[19, 10, 8, 3]
[10, 6, 5, 2]
[10, 8, 7, 3]
[11, 10, 9, 4]
[15, 11, 7, 3]
[6, 3, 2, 1]
[17, 8, 7, 3]
[17, 7, 8, 3]
[15, 5, 7, 3]
[7, 3, 4, 2]
[8, 4, 5, 3]
[8, 5, 7, 4]
[9, 5, 7, 3]
[5, 3, 5, 2]
[13, 4, 6, 3]
[17, 7, 11, 5]
[9, 4, 7, 3]
[2, 1, 2, 1]
[9, 6, 13, 5]
[7, 5, 8, 4]
[9, 5, 13, 6]
[5, 3, 8, 4]
[7, 4, 12, 5]
[6, 4, 16, 5]
[4, 3, 12, 4]
[9, 6, 18, 8]
[8, 6, 18, 9]
[5, 4, 16, 6]
[7, 4, 8, 5]
[7, 4, 9, 6]
[6, 4, 9, 7]
[5, 4, 8, 7]
[1, 1, 2, 2]
[3, 4, 9, 7]
[2, 3, 8, 6]
[3, 4, 15, 9]
[4, 7, 17, 13]
[3, 7, 15, 11]
[2, 5, 13, 8]
[3, 5, 16, 10]
[3, 4, 12, 11]
[2, 3, 11, 8]
[4, 5, 20, 15]
[3, 5, 13, 11]
[2, 3, 7, 7]
[2, 3, 5, 5]
[3, 5, 9, 10]
[3, 5, 10, 9]
[1, 2, 4, 4]
[2, 5, 11, 9]
[2, 5, 12, 12]
[2, 7, 14, 14]
[1, 4, 8, 9]
[2, 9, 16, 16]
[1, 5, 10, 9]
[1, 6, 11, 11]
[1, 5, 9, 10]
[1, 4, 9, 8]
[2, 9, 19, 19]
[3, 7, 18, 21]
[1, 3, 8, 7]
[2, 7, 17, 17]
[3, 7, 21, 18]
[2, 5, 15, 15]
[1, 3, 7, 8]
[2, 5, 14, 10]
[1, 3, 5, 5]
[1, 4, 6, 6]
[1, 5, 8, 7]
[2, 9, 18, 14]
[1, 6, 9, 9]
[1, 7, 11, 10]
[1, 8, 12, 12]
[1, 7, 10, 11]
[1, 6, 10, 8]
[1, 5, 7, 8]
[2, 9, 14, 18]
[1, 6, 8, 10]
[2, 7, 11, 13]
[2, 7, 12, 16]
[2, 5, 9, 11]
[2, 5, 10, 14]
[3, 4, 7, 9]
[2, 3, 6, 8]
[3, 4, 11, 12]
[2, 3, 8, 11]
[4, 5, 15, 20]
[4, 7, 13, 17]
[3, 7, 11, 15]
[2, 5, 8, 13]
[3, 5, 11, 13]
[3, 4, 9, 15]
[3, 5, 10, 16]
[12, 5, 7, 4]
[13, 6, 9, 5]
[9, 5, 5, 2]
[10, 7, 8, 3]
[11, 9, 10, 4]
[3, 2, 2, 1]
[9, 6, 7, 4]
[7, 5, 6, 4]
[6, 5, 7, 4]
[10, 7, 9, 4]
[9, 7, 10, 4]
[7, 6, 9, 4]
[9, 7, 6, 4]
[15, 7, 5, 3]
[7, 4, 3, 2]
[8, 5, 4, 3]
[18, 7, 6, 4]
[18, 6, 7, 4]
[18, 8, 9, 6]
[16, 5, 6, 4]
[16, 4, 6, 5]
[18, 4, 7, 6]
[12, 4, 7, 5]
[13, 5, 9, 6]
[8, 4, 7, 5]
[7, 4, 6, 5]
[6, 4, 7, 5]
[5, 4, 7, 6]
[4, 5, 7, 6]
[4, 5, 8, 7]
[3, 4, 8, 5]
[3, 5, 9, 7]
[4, 6, 9, 7]
[4, 7, 10, 9]
[8, 3, 5, 4]
[9, 4, 7, 6]
[13, 3, 6, 4]
[17, 5, 11, 7]
[9, 3, 7, 4]
[7, 3, 9, 4]
[11, 5, 17, 7]
[4, 2, 7, 3]
[6, 3, 13, 4]
[7, 4, 18, 6]
[5, 2, 5, 3]
[9, 4, 10, 7]
[2, 1, 3, 2]
[5, 3, 9, 7]
[5, 3, 10, 9]
[3, 2, 8, 6]
[4, 3, 15, 9]
[4, 3, 9, 7]
[4, 3, 8, 5]
[6, 5, 13, 9]
[5, 6, 13, 9]
[4, 5, 12, 7]
[3, 4, 13, 6]
[2, 3, 10, 5]
[5, 7, 17, 11]
[3, 5, 12, 8]
[6, 8, 18, 9]
[4, 6, 18, 7]
[2, 3, 7, 4]
[3, 5, 15, 7]
[1, 2, 6, 3]
[4, 5, 16, 6]
[5, 4, 12, 7]
[7, 4, 10, 9]
[3, 2, 5, 5]
[3, 2, 7, 4]
[5, 3, 12, 8]
[7, 5, 17, 11]
[5, 3, 15, 7]
[3, 2, 10, 5]
[4, 3, 13, 6]
[6, 4, 18, 7]
[7, 3, 9, 5]
[9, 3, 7, 5]
[10, 2, 5, 3]
[6, 1, 3, 2]
[13, 2, 8, 5]
[11, 2, 9, 5]
[9, 2, 11, 5]
[8, 2, 13, 5]
[4, 1, 6, 3]
[11, 3, 21, 10]
[10, 3, 19, 8]
[7, 2, 12, 7]
[10, 3, 21, 11]
[5, 1, 5, 3]
[8, 2, 10, 7]
[7, 2, 10, 8]
[3, 1, 6, 4]
[5, 2, 13, 8]
[8, 3, 19, 10]
[5, 2, 11, 9]
[5, 2, 14, 10]
[5, 2, 12, 12]
[7, 3, 18, 21]
[7, 3, 21, 18]
[2, 1, 7, 7]
[3, 1, 5, 5]
[5, 2, 9, 11]
[5, 2, 10, 14]
[15, 2, 9, 7]
[7, 1, 5, 4]
[6, 1, 5, 5]
[5, 1, 6, 5]
[4, 1, 7, 5]
[7, 2, 15, 9]
[4, 1, 6, 6]
[7, 2, 13, 11]
[7, 2, 14, 14]
[3, 1, 8, 7]
[5, 2, 15, 15]
[3, 1, 7, 8]
[7, 2, 16, 12]
[7, 2, 11, 13]
[7, 2, 12, 16]
[5, 1, 5, 6]
[4, 1, 5, 7]
[7, 2, 9, 15]
[13, 2, 11, 7]
[11, 2, 13, 7]
[5, 1, 7, 4]
[9, 2, 15, 7]
[4, 1, 8, 4]
[6, 1, 6, 4]
[15, 3, 11, 7]
[19, 3, 10, 8]
[21, 3, 11, 10]
[8, 1, 4, 4]
[9, 1, 6, 5]
[10, 1, 8, 6]
[9, 1, 9, 6]
[8, 1, 10, 6]
[11, 1, 10, 7]
[10, 1, 11, 7]
[12, 1, 12, 8]
[10, 1, 7, 7]
[11, 1, 8, 9]
[10, 1, 8, 10]
[9, 1, 8, 11]
[12, 1, 9, 11]
[11, 1, 9, 12]
[13, 1, 10, 13]
[9, 1, 7, 8]
[8, 1, 7, 9]
[7, 1, 7, 10]
[11, 1, 9, 8]
[10, 1, 10, 8]
[9, 1, 11, 8]
[12, 1, 11, 9]
[13, 1, 13, 10]
[11, 1, 12, 9]
[10, 1, 9, 9]
[9, 1, 10, 9]
[8, 1, 11, 9]
[8, 1, 10, 10]
[7, 1, 11, 10]
[6, 1, 11, 11]
[7, 1, 10, 11]
[9, 1, 9, 10]
[8, 1, 9, 11]
[12, 1, 10, 10]
[11, 1, 11, 10]
[10, 1, 12, 10]
[10, 1, 11, 11]
[9, 1, 11, 12]
[9, 1, 12, 11]
[8, 1, 12, 12]
[13, 1, 11, 12]
[14, 1, 12, 14]
[12, 1, 11, 13]
[13, 1, 12, 11]
[14, 1, 14, 12]
[12, 1, 13, 11]
[14, 1, 13, 13]
[13, 1, 14, 13]
[12, 1, 14, 14]
[15, 1, 14, 15]
[15, 1, 15, 14]
[16, 1, 16, 16]
[14, 1, 15, 15]
[13, 1, 13, 14]
[12, 1, 12, 12]
[11, 1, 13, 12]
[10, 1, 13, 13]
[11, 1, 12, 13]
[11, 1, 10, 11]
[10, 1, 10, 12]
[9, 1, 8, 7]
[8, 1, 8, 8]
[7, 1, 9, 8]
[6, 1, 10, 8]
[6, 1, 9, 9]
[5, 1, 10, 9]
[9, 2, 19, 19]
[5, 1, 9, 10]
[7, 1, 8, 9]
[6, 1, 8, 10]
[8, 1, 9, 7]
[7, 1, 10, 7]
[8, 1, 7, 5]
[7, 1, 8, 5]
[6, 1, 9, 5]
[8, 1, 6, 6]
[7, 1, 6, 7]
[6, 1, 6, 8]
[5, 1, 6, 9]
[7, 1, 7, 6]
[6, 1, 8, 6]
[5, 1, 9, 6]
[6, 1, 7, 7]
[5, 1, 7, 8]
[9, 2, 14, 18]
[5, 1, 8, 7]
[9, 2, 16, 16]
[4, 1, 8, 9]
[4, 1, 9, 8]
[7, 2, 17, 17]
[9, 2, 18, 14]
[9, 1, 5, 6]
[8, 1, 5, 7]
[7, 1, 5, 8]
[6, 1, 5, 9]
[10, 1, 6, 8]
[11, 1, 7, 10]
[10, 1, 7, 11]
[12, 1, 8, 12]
[9, 1, 6, 9]
[8, 1, 6, 10]
[12, 2, 7, 7]
[6, 1, 4, 3]
[10, 2, 8, 7]
[4, 1, 4, 4]
[7, 2, 8, 10]
[3, 1, 4, 6]
[5, 2, 8, 13]
[8, 3, 10, 19]
[12, 3, 8, 5]
[7, 2, 4, 3]
[3, 1, 2, 2]
[10, 4, 9, 7]
[10, 4, 7, 9]
[11, 4, 9, 10]
[10, 4, 9, 11]
[9, 4, 10, 11]
[11, 4, 10, 9]
[10, 4, 11, 9]
[9, 4, 11, 10]
[15, 3, 7, 5]
[17, 3, 8, 7]
[9, 2, 5, 5]
[10, 3, 8, 7]
[6, 2, 6, 5]
[5, 2, 6, 6]
[5, 2, 8, 7]
[2, 1, 4, 4]
[5, 3, 11, 13]
[3, 2, 8, 11]
[7, 4, 13, 17]
[5, 3, 10, 16]
[5, 3, 13, 11]
[3, 2, 11, 8]
[3, 2, 9, 9]
[5, 3, 18, 15]
[3, 2, 12, 12]
[4, 3, 13, 16]
[5, 3, 15, 18]
[4, 3, 16, 13]
[5, 4, 21, 21]
[3, 2, 7, 7]
[4, 3, 12, 11]
[5, 4, 16, 16]
[4, 5, 16, 16]
[2, 3, 9, 9]
[3, 5, 15, 18]
[3, 5, 18, 15]
[1, 2, 7, 7]
[3, 4, 16, 13]
[2, 3, 12, 12]
[3, 4, 13, 16]
[1, 1, 5, 4]
[4, 5, 21, 21]
[1, 1, 4, 5]
[5, 4, 20, 15]
[4, 3, 11, 12]
[5, 4, 15, 20]
[7, 3, 15, 11]
[7, 4, 17, 13]
[5, 3, 16, 10]
[5, 2, 7, 8]
[7, 3, 11, 15]
[10, 3, 7, 8]
[6, 2, 5, 6]
[8, 3, 7, 10]
[7, 3, 8, 10]
[5, 2, 5, 9]
[7, 3, 8, 17]
[5, 2, 6, 10]
[2, 1, 3, 6]
[10, 2, 6, 5]
[8, 2, 7, 5]
[12, 3, 4, 4]
[18, 6, 9, 8]
[18, 9, 8, 6]
[12, 4, 4, 3]
[12, 8, 5, 3]
[9, 7, 5, 3]
[10, 9, 7, 4]
[12, 12, 5, 2]
[9, 11, 5, 2]
[11, 15, 7, 3]
[7, 8, 3, 1]
[10, 14, 5, 2]
[8, 13, 5, 2]
[3, 6, 2, 1]
[6, 15, 5, 3]
[10, 19, 8, 3]
[11, 24, 10, 4]
[10, 24, 11, 4]
[15, 15, 5, 2]
[7, 7, 2, 1]
[12, 12, 3, 2]
[16, 13, 4, 3]
[16, 16, 5, 4]
[20, 15, 5, 4]
[13, 16, 4, 3]
[15, 20, 5, 4]
[21, 21, 5, 4]
[21, 21, 4, 5]
[16, 13, 3, 4]
[11, 8, 2, 3]
[16, 10, 3, 5]
[6, 3, 1, 2]
[10, 6, 2, 5]
[10, 8, 3, 7]
[11, 10, 4, 9]
[17, 8, 3, 7]
[17, 7, 3, 8]
[6, 2, 1, 3]
[17, 7, 4, 13]
[16, 5, 3, 10]
[15, 4, 3, 9]
[15, 3, 4, 9]
[20, 4, 5, 15]
[11, 2, 3, 8]
[12, 3, 4, 11]
[11, 3, 4, 12]
[9, 3, 4, 15]
[11, 3, 2, 8]
[16, 4, 3, 13]
[21, 5, 4, 21]
[16, 5, 4, 16]
[15, 5, 4, 20]
[13, 4, 3, 16]
[13, 5, 3, 11]
[11, 5, 3, 13]
[10, 5, 3, 16]
[7, 3, 2, 7]
[6, 3, 2, 8]
[5, 3, 2, 10]
[20, 5, 4, 15]
[5, 1, 1, 4]
[21, 4, 5, 21]
[16, 3, 4, 13]
[9, 2, 3, 9]
[8, 2, 3, 11]
[11, 3, 5, 13]
[13, 4, 7, 17]
[3, 1, 2, 6]
[10, 3, 5, 16]
[13, 3, 4, 16]
[18, 3, 5, 15]
[21, 3, 7, 18]
[12, 2, 5, 12]
[10, 2, 5, 14]
[9, 2, 5, 11]
[8, 2, 5, 13]
[15, 2, 5, 15]
[18, 3, 7, 21]
[15, 3, 5, 18]
[7, 1, 2, 7]
[12, 2, 3, 12]
[4, 1, 1, 5]
[16, 4, 5, 16]
[15, 4, 5, 20]
[9, 3, 2, 9]
[8, 3, 2, 11]
[18, 5, 3, 15]
[15, 5, 3, 18]
[12, 3, 2, 12]
[12, 4, 3, 11]
[11, 4, 3, 12]
[9, 4, 3, 15]
[15, 5, 3, 7]
[10, 3, 2, 5]
[8, 3, 2, 6]
[12, 5, 3, 8]
[10, 5, 3, 9]
[10, 5, 2, 6]
[9, 5, 2, 5]
[10, 7, 3, 8]
[6, 5, 2, 6]
[8, 7, 3, 10]
[7, 8, 3, 10]
[5, 5, 2, 9]
[7, 8, 3, 17]
[10, 9, 4, 11]
[2, 2, 1, 3]
[6, 7, 4, 9]
[3, 4, 2, 7]
[5, 7, 3, 15]
[6, 7, 4, 18]
[4, 6, 3, 13]
[5, 7, 3, 9]
[4, 7, 3, 9]
[5, 8, 3, 12]
[3, 5, 2, 10]
[7, 11, 5, 17]
[4, 5, 3, 8]
[5, 7, 4, 12]
[6, 9, 5, 13]
[5, 9, 6, 13]
[4, 7, 5, 12]
[6, 9, 8, 18]
[3, 4, 4, 12]
[4, 7, 6, 18]
[5, 11, 7, 17]
[3, 8, 5, 12]
[1, 3, 2, 6]
[2, 5, 3, 10]
[4, 6, 5, 16]
[2, 4, 3, 7]
[3, 7, 5, 15]
[3, 6, 4, 13]
[8, 9, 6, 18]
[5, 6, 4, 16]
[17, 13, 4, 7]
[13, 11, 3, 5]
[4, 4, 1, 2]
[7, 8, 2, 5]
[8, 10, 3, 7]
[7, 10, 3, 8]
[9, 9, 2, 3]
[11, 13, 3, 5]
[13, 17, 4, 7]
[13, 16, 3, 4]
[8, 11, 2, 3]
[10, 16, 3, 5]
[3, 6, 1, 2]
[11, 24, 4, 10]
[10, 24, 4, 11]
[2, 6, 1, 3]
[3, 10, 2, 5]
[4, 15, 3, 9]
[5, 16, 3, 10]
[12, 12, 2, 3]
[7, 7, 1, 2]
[21, 18, 3, 7]
[14, 10, 2, 5]
[13, 8, 2, 5]
[19, 10, 3, 8]
[15, 11, 3, 7]
[8, 7, 2, 5]
[6, 6, 2, 5]
[10, 11, 4, 9]
[9, 11, 4, 10]
[5, 6, 2, 6]
[9, 10, 4, 11]
[7, 9, 4, 10]
[5, 7, 2, 8]
[5, 6, 2, 10]
[2, 3, 1, 6]
[7, 11, 3, 15]
[6, 4, 1, 3]
[10, 8, 2, 7]
[4, 4, 1, 4]
[7, 8, 2, 10]
[3, 4, 1, 6]
[8, 10, 3, 19]
[5, 8, 2, 13]
[11, 9, 2, 5]
[5, 5, 1, 3]
[8, 10, 2, 7]
[12, 12, 2, 5]
[9, 11, 2, 5]
[11, 15, 3, 7]
[6, 10, 2, 5]
[5, 10, 2, 6]
[5, 12, 3, 7]
[3, 8, 2, 6]
[4, 6, 1, 3]
[7, 12, 2, 7]
[3, 6, 1, 4]
[5, 11, 2, 9]
[5, 12, 2, 12]
[7, 18, 3, 21]
[5, 13, 2, 8]
[5, 14, 2, 10]
[7, 21, 3, 18]
[2, 7, 1, 7]
[7, 15, 3, 11]
[7, 17, 4, 13]
[15, 15, 2, 5]
[17, 17, 2, 7]
[9, 8, 1, 4]
[16, 16, 2, 9]
[7, 8, 1, 5]
[6, 8, 1, 6]
[5, 8, 1, 7]
[9, 16, 2, 16]
[4, 8, 1, 9]
[18, 14, 2, 9]
[9, 6, 1, 5]
[9, 5, 1, 6]
[8, 5, 1, 7]
[7, 5, 1, 8]
[6, 5, 1, 9]
[18, 9, 2, 14]
[9, 4, 1, 8]
[8, 4, 1, 9]
[17, 7, 2, 17]
[16, 9, 2, 16]
[14, 9, 2, 18]
[8, 6, 1, 6]
[7, 6, 1, 7]
[6, 6, 1, 8]
[5, 6, 1, 9]
[8, 7, 1, 5]
[7, 7, 1, 6]
[6, 7, 1, 7]
[5, 7, 1, 8]
[9, 14, 2, 18]
[19, 19, 2, 9]
[10, 9, 1, 5]
[10, 8, 1, 6]
[10, 7, 1, 7]
[9, 7, 1, 8]
[8, 7, 1, 9]
[7, 7, 1, 10]
[10, 6, 1, 8]
[10, 5, 1, 9]
[9, 5, 1, 10]
[19, 9, 2, 19]
[9, 6, 1, 9]
[8, 6, 1, 10]
[9, 8, 1, 7]
[8, 8, 1, 8]
[7, 8, 1, 9]
[6, 8, 1, 10]
[9, 9, 1, 6]
[8, 9, 1, 7]
[7, 9, 1, 8]
[6, 9, 1, 9]
[5, 9, 1, 10]
[9, 10, 1, 5]
[8, 10, 1, 6]
[7, 10, 1, 7]
[6, 10, 1, 8]
[5, 10, 1, 9]
[9, 19, 2, 19]
[11, 11, 1, 6]
[12, 12, 1, 8]
[13, 13, 1, 10]
[14, 14, 1, 12]
[15, 15, 1, 14]
[14, 15, 1, 15]
[15, 14, 1, 15]
[16, 16, 1, 16]
[14, 13, 1, 13]
[13, 13, 1, 14]
[14, 12, 1, 14]
[13, 14, 1, 13]
[12, 14, 1, 14]
[13, 12, 1, 11]
[13, 11, 1, 12]
[12, 11, 1, 13]
[13, 10, 1, 13]
[12, 12, 1, 12]
[11, 12, 1, 13]
[12, 13, 1, 11]
[11, 13, 1, 12]
[10, 13, 1, 13]
[12, 11, 1, 9]
[11, 11, 1, 10]
[10, 11, 1, 11]
[9, 11, 1, 12]
[12, 10, 1, 10]
[12, 9, 1, 11]
[11, 9, 1, 12]
[12, 8, 1, 12]
[11, 10, 1, 11]
[10, 10, 1, 12]
[11, 12, 1, 9]
[10, 12, 1, 10]
[9, 12, 1, 11]
[8, 12, 1, 12]
[10, 11, 1, 7]
[9, 11, 1, 8]
[8, 11, 1, 9]
[7, 11, 1, 10]
[6, 11, 1, 11]
[11, 10, 1, 7]
[10, 10, 1, 8]
[9, 10, 1, 9]
[8, 10, 1, 10]
[7, 10, 1, 11]
[11, 9, 1, 8]
[11, 8, 1, 9]
[11, 7, 1, 10]
[10, 7, 1, 11]
[11, 6, 1, 11]
[10, 8, 1, 10]
[9, 8, 1, 11]
[10, 9, 1, 9]
[9, 9, 1, 10]
[8, 9, 1, 11]
[8, 9, 1, 4]
[14, 18, 2, 9]
[6, 9, 1, 5]
[5, 9, 1, 6]
[9, 18, 2, 14]
[4, 9, 1, 8]
[7, 17, 2, 17]
[8, 7, 1, 3]
[16, 12, 2, 7]
[15, 9, 2, 7]
[21, 11, 3, 10]
[12, 7, 2, 7]
[10, 7, 2, 8]
[8, 7, 2, 10]
[7, 7, 2, 12]
[10, 11, 3, 21]
[8, 4, 1, 4]
[21, 10, 3, 11]
[6, 3, 1, 4]
[8, 5, 2, 7]
[7, 5, 2, 8]
[6, 5, 2, 10]
[8, 7, 3, 17]
[5, 3, 1, 5]
[4, 3, 1, 6]
[10, 8, 3, 19]
[11, 10, 3, 21]
[19, 8, 3, 10]
[13, 5, 2, 8]
[11, 5, 2, 9]
[9, 5, 2, 11]
[8, 5, 2, 13]
[15, 7, 3, 11]
[4, 2, 1, 4]
[11, 7, 3, 15]
[3, 2, 1, 6]
[9, 5, 3, 10]
[8, 5, 3, 12]
[7, 5, 3, 15]
[13, 7, 4, 17]
[14, 5, 2, 10]
[21, 7, 3, 18]
[7, 2, 1, 7]
[18, 7, 3, 21]
[12, 5, 2, 12]
[10, 5, 2, 14]
[15, 7, 2, 9]
[16, 7, 2, 12]
[8, 3, 1, 7]
[15, 5, 2, 15]
[7, 3, 1, 8]
[14, 7, 2, 14]
[12, 7, 2, 16]
[13, 7, 2, 11]
[11, 7, 2, 13]
[9, 7, 2, 15]
[7, 4, 1, 5]
[6, 4, 1, 6]
[5, 4, 1, 7]
[4, 4, 1, 8]
[7, 5, 1, 4]
[6, 5, 1, 5]
[5, 5, 1, 6]
[4, 5, 1, 7]
[7, 9, 2, 15]
[13, 11, 2, 7]
[6, 6, 1, 4]
[5, 6, 1, 5]
[7, 10, 2, 8]
[3, 5, 1, 5]
[5, 9, 2, 11]
[5, 10, 2, 14]
[5, 8, 2, 7]
[2, 4, 1, 4]
[5, 11, 3, 13]
[3, 8, 2, 11]
[5, 9, 3, 10]
[3, 6, 2, 8]
[4, 9, 3, 15]
[7, 13, 4, 17]
[5, 10, 3, 16]
[5, 13, 3, 11]
[3, 11, 2, 8]
[5, 20, 4, 15]
[1, 5, 1, 4]
[4, 21, 5, 21]
[3, 16, 4, 13]
[2, 12, 3, 12]
[5, 18, 3, 15]
[3, 12, 2, 12]
[4, 16, 3, 13]
[5, 21, 4, 21]
[3, 9, 2, 9]
[4, 13, 3, 16]
[5, 15, 3, 18]
[4, 12, 3, 11]
[5, 16, 4, 16]
[4, 16, 5, 16]
[2, 9, 3, 9]
[3, 15, 5, 18]
[3, 18, 5, 15]
[1, 7, 2, 7]
[3, 21, 7, 18]
[2, 15, 5, 15]
[4, 15, 5, 20]
[3, 13, 4, 16]
[1, 4, 1, 5]
[3, 7, 2, 7]
[4, 11, 3, 12]
[5, 15, 4, 20]
[4, 6, 1, 6]
[7, 11, 2, 13]
[7, 12, 2, 16]
[14, 14, 2, 7]
[11, 13, 2, 7]
[5, 7, 1, 4]
[4, 7, 1, 5]
[7, 13, 2, 11]
[7, 14, 2, 14]
[3, 7, 1, 8]
[7, 8, 1, 3]
[12, 16, 2, 7]
[9, 15, 2, 7]
[11, 21, 3, 10]
[4, 8, 1, 4]
[7, 15, 2, 9]
[7, 16, 2, 12]
[3, 8, 1, 7]
[5, 15, 2, 15]
[10, 21, 3, 11]
[8, 19, 3, 10]
[18, 21, 3, 7]
[10, 14, 2, 5]
[8, 13, 2, 5]
[10, 19, 3, 8]
[18, 15, 3, 5]
[15, 18, 3, 5]
[4, 5, 1, 1]
[15, 20, 4, 5]
[9, 15, 3, 4]
[5, 10, 2, 3]
[5, 13, 3, 4]
[6, 15, 3, 5]
[5, 15, 3, 6]
[5, 4, 1, 1]
[20, 15, 4, 5]
[12, 11, 3, 4]
[7, 7, 2, 3]
[7, 9, 3, 4]
[7, 11, 4, 5]
[9, 16, 6, 8]
[8, 16, 6, 9]
[4, 6, 2, 3]
[3, 6, 2, 4]
[4, 10, 3, 6]
[5, 10, 3, 9]
[5, 11, 4, 7]
[4, 9, 3, 7]
[9, 10, 3, 5]
[15, 9, 3, 4]
[8, 6, 2, 3]
[9, 7, 3, 4]
[5, 5, 2, 3]
[6, 7, 3, 5]
[5, 7, 3, 6]
[3, 5, 2, 5]
[4, 7, 3, 5]
[1, 2, 1, 2]
[3, 7, 4, 9]
[2, 6, 3, 8]
[4, 13, 7, 17]
[3, 11, 7, 15]
[2, 8, 5, 13]
[3, 11, 5, 13]
[3, 11, 4, 12]
[2, 8, 3, 11]
[3, 10, 5, 16]
[3, 9, 4, 15]
[3, 9, 4, 7]
[3, 10, 5, 9]
[1, 4, 2, 4]
[2, 11, 5, 9]
[2, 14, 5, 10]
[2, 12, 5, 12]
[2, 14, 7, 14]
[2, 16, 9, 16]
[1, 9, 5, 10]
[1, 8, 4, 9]
[1, 9, 4, 8]
[1, 10, 5, 9]
[1, 11, 6, 11]
[2, 19, 9, 19]
[3, 18, 7, 21]
[1, 8, 3, 7]
[2, 17, 7, 17]
[1, 7, 3, 8]
[1, 5, 3, 5]
[2, 11, 7, 13]
[2, 12, 7, 16]
[2, 13, 7, 11]
[2, 16, 7, 12]
[2, 18, 9, 14]
[1, 6, 4, 6]
[1, 8, 5, 7]
[1, 9, 6, 9]
[1, 11, 7, 10]
[1, 12, 8, 12]
[1, 10, 7, 11]
[1, 10, 6, 8]
[1, 7, 5, 8]
[2, 14, 9, 18]
[1, 8, 6, 10]
[2, 9, 5, 11]
[2, 10, 5, 14]
[2, 7, 3, 7]
[2, 8, 3, 6]
[4, 17, 7, 13]
[3, 15, 7, 11]
[3, 13, 5, 11]
[3, 16, 5, 10]
[3, 12, 4, 11]
[3, 15, 4, 9]
[4, 20, 5, 15]
[2, 11, 3, 8]
[2, 5, 3, 5]
[3, 7, 5, 9]
[3, 9, 5, 10]
[4, 11, 5, 7]
[6, 16, 8, 9]
[2, 6, 3, 4]
[3, 10, 7, 8]
[2, 8, 5, 7]
[2, 10, 7, 8]
[3, 7, 4, 5]
[10, 9, 3, 5]
[10, 5, 2, 3]
[17, 11, 5, 7]
[9, 7, 3, 5]
[10, 9, 4, 7]
[13, 6, 3, 4]
[12, 7, 4, 5]
[13, 9, 5, 6]
[8, 7, 4, 5]
[5, 5, 3, 4]
[4, 5, 3, 5]
[3, 5, 4, 5]
[4, 8, 6, 7]
[3, 7, 5, 6]
[4, 11, 9, 10]
[2, 6, 5, 6]
[4, 7, 6, 9]
[4, 9, 7, 10]
[4, 10, 9, 11]
[1, 2, 2, 3]
[3, 8, 7, 10]
[2, 7, 5, 8]
[2, 8, 7, 10]
[4, 9, 10, 11]
[2, 5, 5, 9]
[3, 8, 7, 17]
[2, 5, 6, 10]
[3, 8, 10, 19]
[1, 3, 4, 6]
[3, 10, 11, 21]
[1, 4, 5, 7]
[1, 5, 6, 9]
[2, 7, 9, 15]
[2, 6, 5, 10]
[3, 10, 8, 19]
[1, 4, 3, 6]
[2, 7, 7, 12]
[1, 4, 4, 8]
[3, 11, 10, 21]
[1, 5, 4, 7]
[1, 6, 5, 9]
[2, 9, 7, 15]
[3, 7, 8, 17]
[3, 7, 8, 10]
[2, 5, 7, 8]
[2, 7, 8, 10]
[5, 7, 4, 8]
[4, 7, 5, 8]
[3, 5, 4, 8]
[8, 5, 3, 4]
[9, 7, 4, 6]
[16, 6, 4, 5]
[12, 4, 3, 4]
[16, 5, 4, 6]
[16, 4, 5, 6]
[13, 3, 4, 6]
[15, 3, 5, 7]
[17, 3, 7, 8]
[10, 2, 5, 6]
[8, 2, 5, 7]
[6, 1, 2, 3]
[13, 2, 5, 8]
[14, 2, 5, 10]
[16, 2, 7, 12]
[18, 2, 9, 14]
[9, 1, 4, 8]
[16, 2, 9, 16]
[14, 2, 9, 18]
[19, 2, 9, 19]
[8, 1, 4, 9]
[10, 1, 5, 9]
[11, 1, 6, 11]
[9, 1, 5, 10]
[11, 2, 5, 9]
[5, 1, 3, 5]
[8, 2, 7, 10]
[4, 1, 3, 6]
[10, 3, 8, 19]
[7, 2, 7, 12]
[10, 3, 11, 21]
[11, 3, 10, 21]
[8, 1, 3, 7]
[14, 2, 7, 14]
[12, 2, 7, 16]
[17, 2, 7, 17]
[7, 1, 3, 8]
[19, 3, 8, 10]
[21, 3, 10, 11]
[15, 2, 7, 9]
[7, 1, 4, 5]
[13, 2, 7, 11]
[6, 1, 4, 6]
[11, 2, 7, 13]
[5, 1, 4, 7]
[4, 1, 4, 8]
[9, 2, 7, 15]
[6, 1, 3, 4]
[10, 2, 7, 8]
[15, 3, 7, 11]
[12, 3, 5, 8]
[7, 2, 3, 4]
[9, 3, 5, 7]
[10, 2, 3, 5]
[16, 3, 5, 10]
[17, 4, 7, 13]
[4, 1, 2, 4]
[7, 2, 5, 8]
[11, 3, 7, 15]
[6, 2, 5, 10]
[8, 3, 7, 17]
[13, 3, 5, 11]
[8, 2, 3, 6]
[10, 3, 5, 9]
[9, 3, 5, 10]
[7, 2, 3, 7]
[6, 2, 3, 8]
[5, 2, 3, 10]
[8, 3, 5, 12]
[7, 3, 5, 15]
[17, 5, 7, 11]
[9, 3, 4, 7]
[7, 3, 4, 9]
[11, 5, 7, 17]
[4, 2, 3, 7]
[7, 4, 6, 18]
[6, 3, 4, 13]
[5, 2, 3, 5]
[7, 3, 5, 9]
[9, 4, 7, 10]
[2, 1, 2, 3]
[7, 4, 9, 10]
[3, 2, 4, 7]
[5, 3, 8, 12]
[3, 2, 5, 10]
[5, 3, 7, 15]
[7, 5, 11, 17]
[6, 4, 7, 18]
[4, 3, 6, 13]
[4, 3, 5, 8]
[5, 4, 7, 12]
[6, 5, 9, 13]
[5, 6, 9, 13]
[4, 5, 7, 12]
[6, 8, 9, 18]
[4, 6, 7, 18]
[4, 5, 6, 16]
[5, 7, 11, 17]
[3, 5, 8, 12]
[1, 2, 3, 6]
[2, 3, 5, 10]
[2, 3, 4, 7]
[3, 5, 7, 15]
[3, 4, 6, 13]
[5, 3, 7, 9]
[4, 3, 7, 9]
[5, 3, 9, 10]
[3, 2, 6, 8]
[4, 3, 9, 15]
[18, 4, 6, 7]
[12, 4, 5, 7]
[8, 3, 4, 5]
[9, 4, 6, 7]
[13, 5, 6, 9]
[8, 4, 5, 7]
[7, 4, 5, 6]
[6, 4, 5, 7]
[5, 4, 6, 7]
[4, 5, 6, 7]
[4, 5, 7, 8]
[3, 4, 5, 8]
[3, 5, 7, 9]
[4, 6, 7, 9]
[4, 7, 9, 10]
[18, 6, 8, 9]
[18, 8, 6, 9]
[18, 9, 6, 8]
[7, 4, 2, 3]
[3, 2, 1, 2]
[11, 9, 4, 10]
[9, 6, 4, 7]
[7, 5, 4, 6]
[6, 5, 4, 7]
[10, 7, 4, 9]
[9, 7, 4, 10]
[7, 6, 4, 9]
[18, 7, 4, 6]
[18, 6, 4, 7]
[13, 4, 3, 6]
[12, 5, 4, 7]
[13, 6, 5, 9]
[2, 1, 1, 2]
[7, 5, 4, 8]
[7, 4, 5, 8]
[7, 4, 6, 9]
[6, 4, 7, 9]
[5, 4, 7, 8]
[5, 3, 4, 8]
[9, 6, 5, 13]
[7, 5, 4, 12]
[6, 5, 4, 16]
[9, 5, 6, 13]
[7, 4, 5, 12]
[9, 6, 8, 18]
[8, 6, 9, 18]
[5, 4, 6, 16]
[4, 3, 4, 12]
[6, 4, 5, 16]
[17, 7, 5, 11]
[9, 4, 3, 7]
[7, 4, 3, 9]
[11, 7, 5, 17]
[6, 4, 3, 13]
[7, 3, 2, 4]
[9, 5, 3, 7]
[5, 3, 2, 5]
[7, 5, 3, 9]
[4, 3, 2, 7]
[7, 6, 4, 18]
[5, 4, 3, 8]
[9, 8, 6, 18]
[4, 4, 3, 12]
[8, 4, 3, 5]
[8, 5, 4, 7]
[12, 8, 3, 5]
[15, 7, 3, 5]
[16, 16, 4, 5]
[11, 12, 3, 4]
[6, 8, 2, 3]
[7, 12, 3, 5]
[6, 10, 3, 4]
[7, 14, 4, 6]
[6, 14, 4, 7]
[5, 12, 4, 6]
[4, 12, 5, 6]
[4, 14, 6, 7]
[3, 10, 4, 6]
[2, 10, 3, 5]
[1, 6, 2, 3]
[2, 13, 5, 8]
[3, 12, 5, 7]
[2, 10, 5, 6]
[3, 19, 8, 10]
[3, 21, 10, 11]
[1, 6, 3, 4]
[2, 15, 7, 9]
[1, 7, 4, 5]
[1, 9, 5, 6]
[4, 24, 10, 11]
[4, 13, 3, 5]
[2, 8, 2, 3]
[3, 13, 4, 5]
[3, 15, 5, 6]
[6, 12, 4, 5]
[15, 18, 5, 3]
[8, 11, 3, 2]
[10, 16, 5, 3]
[5, 10, 3, 2]
[5, 13, 4, 3]
[3, 8, 2, 2]
[9, 15, 4, 3]
[18, 15, 5, 3]
[9, 9, 3, 2]
[11, 13, 5, 3]
[13, 17, 7, 4]
[7, 12, 5, 3]
[7, 14, 6, 4]
[6, 14, 7, 4]
[5, 12, 6, 4]
[4, 12, 6, 5]
[6, 16, 9, 8]
[4, 14, 7, 6]
[3, 10, 6, 4]
[3, 12, 7, 5]
[2, 10, 6, 5]
[3, 19, 10, 8]
[3, 21, 11, 10]
[1, 8, 4, 4]
[1, 6, 4, 3]
[2, 15, 9, 7]
[2, 12, 7, 7]
[1, 7, 5, 4]
[1, 9, 6, 5]
[4, 24, 11, 10]
[2, 10, 5, 3]
[1, 6, 3, 2]
[2, 13, 8, 5]
[4, 13, 5, 3]
[2, 8, 3, 2]
[3, 13, 5, 4]
[3, 15, 6, 5]
[6, 8, 3, 2]
[6, 10, 4, 3]
[6, 12, 5, 4]
[11, 12, 4, 3]
[11, 8, 3, 2]
[16, 10, 5, 3]
[10, 5, 3, 2]
[13, 6, 4, 3]
[12, 7, 5, 4]
[13, 9, 6, 5]
[8, 7, 5, 4]
[5, 5, 4, 3]
[4, 5, 5, 3]
[3, 5, 5, 4]
[4, 8, 7, 6]
[3, 7, 6, 5]
[4, 11, 10, 9]
[2, 6, 6, 5]
[1, 4, 4, 4]
[1, 6, 5, 5]
[1, 7, 7, 6]
[1, 9, 8, 7]
[1, 10, 10, 8]
[1, 12, 11, 9]
[1, 13, 13, 10]
[1, 11, 12, 9]
[1, 11, 9, 8]
[1, 8, 8, 8]
[1, 9, 10, 9]
[1, 10, 11, 11]
[1, 11, 13, 12]
[1, 12, 14, 14]
[1, 11, 12, 13]
[1, 10, 12, 10]
[1, 10, 9, 9]
[1, 11, 11, 10]
[1, 12, 12, 12]
[1, 13, 14, 13]
[1, 14, 15, 15]
[1, 14, 13, 13]
[1, 15, 14, 15]
[1, 15, 15, 14]
[1, 16, 16, 16]
[1, 13, 13, 14]
[1, 12, 13, 11]
[1, 13, 12, 11]
[1, 14, 14, 12]
[1, 12, 10, 10]
[1, 11, 10, 11]
[1, 13, 11, 12]
[1, 14, 12, 14]
[1, 12, 11, 13]
[1, 9, 9, 10]
[1, 10, 10, 12]
[1, 8, 9, 7]
[1, 9, 11, 8]
[1, 8, 6, 6]
[1, 10, 7, 7]
[1, 7, 6, 7]
[1, 9, 7, 8]
[1, 11, 8, 9]
[1, 10, 8, 10]
[1, 11, 9, 12]
[1, 12, 9, 11]
[1, 13, 10, 13]
[1, 8, 7, 9]
[1, 9, 8, 11]
[1, 5, 5, 6]
[1, 6, 6, 8]
[1, 7, 7, 10]
[1, 5, 6, 5]
[1, 6, 8, 6]
[1, 7, 10, 7]
[1, 6, 7, 7]
[1, 7, 8, 9]
[1, 8, 9, 11]
[1, 7, 9, 8]
[1, 8, 11, 9]
[1, 8, 10, 10]
[1, 9, 11, 12]
[1, 9, 12, 11]
[1, 10, 13, 13]
[3, 10, 8, 7]
[2, 8, 7, 5]
[2, 10, 8, 7]
[4, 7, 9, 6]
[4, 9, 10, 7]
[4, 10, 11, 9]
[1, 2, 3, 2]
[2, 5, 9, 5]
[3, 7, 17, 8]
[2, 5, 10, 6]
[1, 3, 6, 4]
[3, 10, 21, 11]
[2, 7, 15, 9]
[2, 7, 13, 11]
[2, 7, 16, 12]
[1, 4, 7, 5]
[1, 5, 9, 6]
[3, 8, 19, 10]
[2, 6, 10, 5]
[1, 4, 6, 3]
[3, 11, 21, 10]
[1, 4, 8, 4]
[2, 11, 13, 7]
[2, 12, 16, 7]
[2, 14, 18, 9]
[2, 9, 15, 7]
[2, 7, 12, 7]
[1, 5, 7, 4]
[1, 6, 9, 5]
[3, 10, 19, 8]
[3, 8, 17, 7]
[3, 8, 10, 7]
[2, 7, 8, 5]
[2, 8, 10, 7]
[3, 7, 10, 8]
[2, 5, 8, 7]
[2, 7, 10, 8]
[4, 9, 11, 10]
[2, 5, 6, 6]
[16, 6, 5, 4]
[17, 11, 7, 5]
[8, 6, 3, 2]
[9, 7, 4, 3]
[2, 2, 1, 1]
[8, 9, 6, 5]
[5, 7, 3, 4]
[7, 8, 4, 6]
[6, 8, 4, 7]
[6, 9, 5, 8]
[5, 9, 6, 8]
[8, 9, 5, 6]
[17, 13, 7, 4]
[10, 9, 5, 3]
[5, 5, 3, 2]
[6, 7, 5, 3]
[7, 8, 6, 4]
[6, 8, 7, 4]
[6, 9, 8, 5]
[5, 9, 8, 6]
[5, 7, 4, 3]
[13, 11, 5, 3]
[7, 7, 3, 2]
[7, 9, 4, 3]
[7, 11, 5, 4]
[15, 9, 4, 3]
[12, 11, 4, 3]
[21, 18, 7, 3]
[18, 21, 7, 3]
[8, 9, 4, 1]
[12, 16, 7, 2]
[9, 15, 7, 2]
[11, 21, 10, 3]
[10, 9, 5, 1]
[18, 14, 9, 2]
[16, 16, 9, 2]
[9, 10, 5, 1]
[14, 18, 9, 2]
[11, 10, 7, 1]
[9, 9, 6, 1]
[7, 8, 5, 1]
[5, 7, 4, 1]
[7, 12, 7, 2]
[10, 8, 6, 1]
[9, 6, 5, 1]
[7, 5, 4, 1]
[10, 8, 7, 2]
[8, 4, 4, 1]
[15, 7, 9, 2]
[6, 3, 4, 1]
[8, 5, 7, 2]
[6, 5, 6, 2]
[10, 9, 11, 4]
[8, 7, 10, 3]
[2, 2, 3, 1]
[4, 5, 8, 3]
[6, 9, 13, 5]
[5, 9, 13, 6]
[3, 5, 8, 4]
[3, 7, 9, 5]
[4, 7, 12, 5]
[5, 11, 17, 7]
[3, 8, 12, 5]
[2, 5, 10, 3]
[1, 3, 6, 2]
[3, 6, 13, 4]
[3, 7, 15, 5]
[4, 6, 16, 5]
[3, 4, 12, 4]
[4, 7, 18, 6]
[2, 4, 7, 3]
[6, 9, 18, 8]
[6, 7, 9, 4]
[5, 7, 8, 4]
[4, 7, 8, 5]
[3, 4, 7, 2]
[4, 6, 13, 3]
[5, 7, 12, 4]
[6, 7, 18, 4]
[5, 6, 16, 4]
[8, 9, 18, 6]
[5, 7, 9, 3]
[4, 7, 9, 3]
[7, 11, 17, 5]
[5, 5, 9, 2]
[7, 8, 17, 3]
[5, 7, 15, 3]
[13, 5, 8, 2]
[15, 7, 11, 3]
[11, 5, 9, 2]
[4, 2, 4, 1]
[13, 7, 17, 4]
[8, 5, 12, 3]
[9, 5, 10, 3]
[7, 5, 9, 3]
[5, 4, 8, 3]
[4, 3, 7, 2]
[7, 6, 18, 4]
[4, 4, 12, 3]
[9, 8, 18, 6]
[9, 5, 11, 2]
[8, 5, 13, 2]
[3, 2, 6, 1]
[7, 5, 15, 3]
[11, 7, 15, 3]
[13, 7, 11, 2]
[5, 3, 5, 1]
[7, 5, 8, 2]
[11, 7, 13, 2]
[9, 7, 15, 2]
[11, 10, 21, 3]
[4, 3, 6, 1]
[6, 5, 10, 2]
[8, 7, 17, 3]
[10, 8, 19, 3]
[12, 7, 7, 2]
[21, 10, 11, 3]
[19, 8, 10, 3]
[10, 5, 6, 2]
[6, 2, 3, 1]
[10, 3, 5, 2]
[12, 5, 8, 3]
[16, 5, 10, 3]
[8, 3, 6, 2]
[15, 4, 9, 3]
[15, 3, 9, 4]
[16, 3, 10, 5]
[17, 4, 13, 7]
[13, 3, 11, 5]
[4, 1, 4, 2]
[7, 2, 8, 5]
[8, 3, 10, 7]
[5, 2, 9, 5]
[5, 2, 10, 6]
[7, 3, 17, 8]
[2, 1, 6, 3]
[7, 3, 10, 8]
[11, 3, 15, 7]
[6, 2, 10, 5]
[8, 3, 17, 7]
[11, 3, 13, 5]
[13, 4, 17, 7]
[10, 3, 16, 5]
[3, 1, 6, 2]
[11, 2, 8, 3]
[14, 2, 10, 5]
[8, 1, 7, 3]
[9, 1, 8, 4]
[8, 1, 9, 4]
[14, 2, 18, 9]
[19, 2, 19, 9]
[9, 1, 10, 5]
[16, 2, 16, 9]
[10, 1, 9, 5]
[11, 1, 11, 6]
[14, 2, 14, 7]
[12, 2, 16, 7]
[17, 2, 17, 7]
[7, 1, 8, 3]
[12, 2, 12, 5]
[10, 2, 14, 5]
[16, 2, 12, 7]
[18, 2, 14, 9]
[8, 2, 6, 3]
[10, 3, 9, 5]
[7, 2, 7, 3]
[6, 2, 8, 3]
[8, 3, 12, 5]
[5, 2, 10, 3]
[7, 3, 15, 5]
[9, 3, 10, 5]
[12, 3, 11, 4]
[13, 5, 11, 3]
[7, 3, 7, 2]
[7, 4, 9, 3]
[11, 7, 17, 5]
[7, 5, 12, 4]
[6, 4, 13, 3]
[6, 5, 16, 4]
[11, 5, 13, 3]
[10, 5, 16, 3]
[5, 3, 10, 2]
[6, 3, 8, 2]
[17, 7, 13, 4]
[10, 5, 9, 3]
[8, 7, 5, 1]
[6, 6, 4, 1]
[8, 10, 7, 2]
[10, 11, 7, 1]
[8, 10, 6, 1]
[6, 9, 5, 1]
[4, 8, 4, 1]
[10, 21, 11, 3]
[8, 19, 10, 3]
[2, 6, 3, 1]
[3, 10, 5, 2]
[5, 16, 10, 3]
[4, 15, 9, 3]
[5, 15, 6, 3]
[7, 15, 9, 2]
[12, 11, 9, 1]
[10, 10, 8, 1]
[8, 9, 7, 1]
[6, 8, 6, 1]
[4, 7, 5, 1]
[7, 13, 11, 2]
[3, 6, 4, 1]
[5, 13, 8, 2]
[5, 10, 6, 2]
[5, 12, 7, 3]
[5, 11, 9, 2]
[7, 15, 11, 3]
[7, 17, 13, 4]
[3, 8, 6, 2]
[11, 9, 8, 1]
[10, 7, 7, 1]
[9, 5, 6, 1]
[7, 4, 5, 1]
[10, 7, 8, 2]
[8, 6, 6, 1]
[6, 5, 5, 1]
[4, 4, 4, 1]
[5, 6, 6, 2]
[9, 11, 10, 4]
[5, 7, 6, 3]
[3, 5, 5, 2]
[1, 2, 2, 1]
[3, 7, 5, 4]
[4, 11, 7, 5]
[2, 6, 4, 3]
[3, 7, 9, 4]
[2, 6, 8, 3]
[3, 9, 15, 4]
[3, 10, 16, 5]
[4, 13, 17, 7]
[3, 11, 15, 7]
[2, 8, 13, 5]
[3, 11, 12, 4]
[2, 8, 11, 3]
[3, 11, 13, 5]
[3, 9, 10, 5]
[2, 5, 5, 3]
[3, 9, 7, 4]
[2, 8, 6, 3]
[3, 13, 11, 5]
[3, 16, 10, 5]
[3, 12, 11, 4]
[4, 17, 13, 7]
[3, 15, 11, 7]
[3, 15, 9, 4]
[2, 11, 8, 3]
[3, 10, 9, 5]
[2, 7, 7, 3]
[1, 4, 4, 2]
[2, 11, 9, 5]
[2, 12, 12, 5]
[1, 8, 7, 3]
[2, 17, 17, 7]
[1, 7, 8, 3]
[2, 14, 14, 7]
[2, 16, 16, 9]
[1, 8, 9, 4]
[1, 9, 10, 5]
[1, 9, 8, 4]
[2, 19, 19, 9]
[1, 10, 9, 5]
[1, 11, 11, 6]
[2, 14, 10, 5]
[2, 9, 11, 5]
[2, 10, 14, 5]
[1, 5, 5, 3]
[1, 6, 6, 4]
[1, 7, 8, 5]
[1, 8, 10, 6]
[1, 8, 7, 5]
[1, 9, 9, 6]
[1, 10, 11, 7]
[1, 11, 10, 7]
[1, 12, 12, 8]
[1, 10, 8, 6]
[2, 13, 11, 7]
[2, 16, 12, 7]
[2, 18, 14, 9]
[4, 7, 5, 3]
[9, 10, 11, 4]
[7, 9, 10, 4]
[7, 8, 10, 3]
[9, 8, 7, 1]
[7, 7, 6, 1]
[5, 6, 5, 1]
[7, 10, 8, 2]
[5, 8, 7, 2]
[11, 12, 9, 1]
[9, 11, 8, 1]
[7, 10, 7, 1]
[5, 9, 6, 1]
[12, 13, 11, 1]
[10, 12, 10, 1]
[8, 11, 9, 1]
[6, 10, 8, 1]
[9, 18, 14, 2]
[7, 16, 12, 2]
[5, 14, 10, 2]
[13, 12, 11, 1]
[11, 11, 10, 1]
[9, 10, 9, 1]
[7, 9, 8, 1]
[5, 8, 7, 1]
[12, 10, 10, 1]
[11, 8, 9, 1]
[9, 7, 8, 1]
[7, 6, 7, 1]
[5, 5, 6, 1]
[7, 8, 10, 2]
[5, 7, 8, 2]
[10, 6, 8, 1]
[18, 9, 14, 2]
[16, 7, 12, 2]
[14, 5, 10, 2]
[11, 3, 8, 2]
[20, 5, 15, 4]
[12, 4, 11, 3]
[16, 4, 13, 3]
[13, 4, 16, 3]
[15, 5, 20, 4]
[16, 5, 16, 4]
[21, 5, 21, 4]
[4, 1, 5, 1]
[15, 4, 20, 5]
[5, 1, 4, 1]
[20, 4, 15, 5]
[16, 4, 16, 5]
[11, 3, 12, 4]
[9, 3, 15, 4]
[21, 4, 21, 5]
[12, 2, 12, 3]
[13, 3, 16, 4]
[16, 3, 13, 4]
[9, 2, 9, 3]
[8, 2, 11, 3]
[18, 3, 15, 5]
[7, 1, 7, 2]
[15, 2, 15, 5]
[18, 3, 21, 7]
[21, 3, 18, 7]
[15, 3, 18, 5]
[9, 3, 9, 2]
[8, 3, 11, 2]
[9, 4, 15, 3]
[11, 4, 12, 3]
[8, 5, 7, 1]
[6, 4, 6, 1]
[8, 7, 10, 2]
[10, 9, 9, 1]
[8, 8, 8, 1]
[6, 7, 7, 1]
[4, 6, 6, 1]
[7, 11, 13, 2]
[3, 5, 5, 1]
[5, 9, 11, 2]
[2, 4, 4, 1]
[5, 13, 11, 3]
[3, 11, 8, 2]
[5, 20, 15, 4]
[4, 16, 13, 3]
[5, 21, 21, 4]
[1, 5, 4, 1]
[4, 21, 21, 5]
[2, 12, 12, 3]
[3, 16, 13, 4]
[4, 20, 15, 5]
[3, 9, 9, 2]
[4, 13, 16, 3]
[1, 4, 5, 1]
[4, 15, 20, 5]
[3, 13, 16, 4]
[5, 16, 16, 4]
[4, 16, 16, 5]
[2, 9, 9, 3]
[3, 15, 18, 5]
[3, 18, 21, 7]
[3, 18, 15, 5]
[1, 7, 7, 2]
[2, 15, 15, 5]
[3, 21, 18, 7]
[4, 12, 11, 3]
[5, 11, 13, 3]
[3, 8, 11, 2]
[5, 15, 20, 4]
[4, 11, 12, 3]
[3, 7, 7, 2]
[7, 13, 17, 4]
[3, 6, 8, 2]
[5, 10, 16, 3]
[4, 9, 15, 3]
[5, 10, 9, 3]
[5, 9, 10, 3]
[15, 14, 15, 1]
[13, 13, 14, 1]
[11, 12, 13, 1]
[9, 11, 12, 1]
[7, 10, 11, 1]
[5, 9, 10, 1]
[4, 8, 9, 1]
[3, 7, 8, 1]
[7, 18, 21, 3]
[5, 15, 18, 3]
[14, 12, 14, 1]
[12, 11, 13, 1]
[10, 10, 12, 1]
[8, 9, 11, 1]
[6, 8, 10, 1]
[9, 14, 18, 2]
[7, 12, 16, 2]
[5, 10, 14, 2]
[13, 10, 13, 1]
[11, 9, 12, 1]
[9, 8, 11, 1]
[7, 7, 10, 1]
[5, 6, 9, 1]
[12, 8, 12, 1]
[11, 6, 11, 1]
[9, 5, 10, 1]
[14, 9, 18, 2]
[10, 7, 11, 1]
[8, 6, 10, 1]
[6, 5, 9, 1]
[4, 4, 8, 1]
[10, 11, 21, 3]
[14, 15, 15, 1]
[12, 14, 14, 1]
[10, 13, 13, 1]
[8, 12, 12, 1]
[6, 11, 11, 1]
