[10, 10, 1]
[9, 8, 1]
[8, 6, 1]
[6, 5, 1]
[4, 4, 1]
[5, 6, 2]
[3, 5, 2]
[7, 4, 1]
[5, 3, 1]
[6, 5, 2]
[11, 5, 2]
[9, 3, 2]
[4, 1, 1]
[9, 3, 4]
[5, 2, 3]
[5, 3, 4]
[4, 3, 5]
[9, 2, 3]
[11, 2, 5]
[5, 1, 3]
[4, 1, 4]
[3, 1, 5]
[5, 2, 11]
[7, 1, 4]
[8, 1, 6]
[9, 1, 8]
[10, 1, 10]
[8, 1, 9]
[7, 1, 7]
[6, 1, 8]
[6, 1, 5]
[5, 1, 6]
[4, 1, 7]
[4, 1, 2]
[6, 2, 5]
[5, 2, 6]
[3, 2, 5]
[4, 3, 9]
[3, 4, 9]
[2, 3, 9]
[1, 1, 4]
[2, 1, 4]
[3, 2, 9]
[9, 4, 3]
[4, 2, 1]
[5, 3, 2]
[5, 4, 3]
[4, 5, 3]
[1, 1, 1]
[3, 5, 4]
[2, 5, 3]
[2, 6, 5]
[1, 4, 4]
[1, 6, 5]
[1, 8, 6]
[1, 7, 7]
[1, 9, 8]
[1, 10, 10]
[1, 8, 9]
[1, 5, 6]
[1, 6, 8]
[3, 4, 5]
[2, 3, 5]
[2, 5, 6]
[1, 2, 4]
[1, 3, 5]
[1, 4, 7]
[2, 5, 11]
[7, 7, 1]
[5, 6, 1]
[3, 5, 1]
[5, 11, 2]
[2, 4, 1]
[3, 9, 2]
[1, 4, 1]
[2, 9, 3]
[4, 9, 3]
[3, 9, 4]
[1, 4, 2]
[1, 5, 3]
[1, 7, 4]
[2, 11, 5]
[8, 9, 1]
[6, 8, 1]
[4, 7, 1]
