[16, 16, 1]
[15, 14, 1]
[13, 13, 1]
[11, 12, 1]
[6, 8, 1]
[5, 7, 1]
[4, 6, 1]
[6, 11, 2]
[7, 10, 2]
[5, 8, 2]
[7, 15, 3]
[2, 4, 1]
[10, 27, 6]
[3, 6, 2]
[5, 16, 4]
[10, 19, 8]
[6, 13, 5]
[4, 12, 5]
[3, 13, 4]
[3, 15, 5]
[1, 7, 2]
[2, 15, 5]
[3, 18, 7]
[6, 17, 8]
[2, 7, 3]
[2, 10, 5]
[2, 12, 7]
[2, 14, 9]
[1, 7, 3]
[2, 17, 7]
[1, 8, 4]
[2, 19, 9]
[1, 9, 5]
[1, 11, 6]
[14, 12, 1]
[13, 10, 1]
[10, 6, 1]
[8, 6, 1]
[9, 5, 1]
[8, 4, 1]
[6, 4, 1]
[10, 7, 2]
[13, 11, 3]
[7, 3, 1]
[12, 5, 2]
[15, 7, 3]
[4, 2, 1]
[5, 4, 2]
[15, 5, 3]
[14, 4, 3]
[21, 4, 5]
[13, 3, 4]
[12, 4, 5]
[17, 6, 8]
[13, 5, 7]
[4, 2, 3]
[6, 4, 5]
[9, 7, 8]
[6, 4, 7]
[5, 4, 6]
[4, 5, 6]
[4, 6, 7]
[3, 4, 6]
[3, 5, 7]
[3, 7, 8]
[1, 2, 3]
[2, 5, 8]
[2, 5, 10]
[1, 3, 7]
[2, 7, 17]
[2, 7, 12]
[2, 9, 14]
[1, 4, 8]
[1, 5, 9]
[1, 6, 11]
[2, 9, 19]
[3, 8, 10]
[3, 10, 11]
[2, 7, 9]
[2, 3, 5]
[3, 5, 10]
[4, 3, 6]
[7, 2, 3]
[3, 1, 2]
[8, 3, 7]
[7, 3, 8]
[5, 3, 7]
[3, 2, 5]
[4, 3, 9]
[3, 4, 9]
[2, 3, 8]
[3, 5, 15]
[3, 7, 18]
[2, 5, 15]
[1, 2, 7]
[4, 5, 15]
[2, 1, 3]
[5, 3, 10]
[3, 2, 8]
[5, 3, 15]
[3, 2, 12]
[5, 4, 15]
[1, 1, 4]
[3, 4, 13]
[2, 3, 12]
[4, 5, 21]
[4, 3, 13]
[5, 4, 21]
[12, 2, 3]
[7, 1, 2]
[15, 2, 5]
[7, 1, 3]
[12, 2, 7]
[9, 2, 7]
[4, 1, 4]
[10, 3, 11]
[8, 3, 10]
[5, 2, 8]
[5, 2, 10]
[7, 3, 18]
[2, 1, 7]
[7, 2, 9]
[7, 2, 12]
[3, 1, 7]
[5, 2, 15]
[11, 3, 10]
[17, 2, 7]
[19, 2, 9]
[9, 1, 5]
[8, 1, 6]
[7, 1, 7]
[6, 1, 8]
[5, 1, 9]
[9, 2, 19]
[11, 1, 6]
[12, 1, 8]
[13, 1, 10]
[14, 1, 12]
[15, 1, 14]
[16, 1, 16]
[14, 1, 15]
[13, 1, 13]
[12, 1, 14]
[12, 1, 11]
[11, 1, 12]
[10, 1, 13]
[11, 1, 9]
[10, 1, 10]
[9, 1, 11]
[8, 1, 12]
[10, 1, 7]
[9, 1, 8]
[8, 1, 9]
[7, 1, 10]
[6, 1, 11]
[8, 1, 4]
[14, 2, 9]
[6, 1, 5]
[5, 1, 6]
[9, 2, 14]
[4, 1, 8]
[7, 2, 17]
[18, 3, 7]
[10, 2, 5]
[8, 2, 5]
[10, 3, 8]
[15, 3, 5]
[16, 5, 4]
[13, 6, 5]
[27, 10, 6]
[6, 3, 2]
[19, 10, 8]
[8, 5, 4]
[4, 3, 2]
[5, 4, 3]
[9, 8, 7]
[8, 9, 7]
[7, 9, 8]
[4, 6, 5]
[2, 4, 3]
[5, 13, 7]
[3, 8, 7]
[1, 3, 2]
[3, 10, 8]
[3, 11, 10]
[1, 4, 4]
[1, 6, 5]
[1, 8, 6]
[1, 10, 7]
[1, 12, 8]
[1, 7, 7]
[1, 9, 8]
[1, 11, 9]
[1, 13, 10]
[1, 10, 10]
[1, 12, 11]
[1, 14, 12]
[1, 13, 13]
[1, 15, 14]
[1, 16, 16]
[1, 14, 15]
[1, 11, 12]
[1, 12, 14]
[1, 8, 9]
[1, 9, 11]
[1, 10, 13]
[1, 5, 6]
[1, 6, 8]
[1, 7, 10]
[1, 8, 12]
[2, 8, 5]
[2, 9, 7]
[11, 6, 2]
[8, 5, 2]
[6, 5, 2]
[5, 6, 2]
[4, 5, 2]
[3, 4, 2]
[4, 5, 3]
[5, 8, 4]
[7, 5, 1]
[11, 10, 2]
[10, 9, 2]
[4, 4, 1]
[11, 13, 3]
[12, 11, 1]
[6, 6, 1]
[10, 11, 2]
[9, 10, 2]
[14, 15, 1]
[12, 14, 1]
[10, 13, 1]
[6, 10, 1]
[5, 9, 1]
[4, 8, 1]
[3, 7, 1]
[5, 12, 2]
[5, 15, 3]
[4, 14, 3]
[4, 21, 5]
[2, 12, 3]
