[16, 27, 17]
[20, 12, 11]
[12, 7, 10]
[3, 4, 2]
[7, 12, 8]
[12, 11, 9]
[18, 25, 13]
[16, 7, 10]
[8, 9, 12]
[9, 12, 11]
[11, 7, 6]
[13, 18, 15]
[19, 32, 18]
[3, 5, 5]
[9, 15, 14]
[20, 11, 12]
[9, 11, 12]
[9, 15, 13]
[11, 12, 14]
[11, 9, 12]
[13, 8, 9]
[11, 12, 9]
[27, 17, 16]
[6, 11, 5]
[31, 28, 16]
[12, 11, 14]
[17, 28, 27]
[15, 19, 14]
[4, 2, 3]
[18, 25, 15]
[14, 11, 12]
[8, 13, 14]
[9, 14, 15]
[14, 19, 15]
[12, 9, 11]
[9, 7, 10]
[10, 12, 7]
[25, 19, 14]
[19, 25, 20]
[12, 14, 11]
[20, 12, 13]
[27, 16, 36]
[6, 5, 11]
[15, 14, 9]
[11, 6, 8]
[9, 12, 7]
[11, 17, 15]
[25, 21, 20]
[14, 8, 13]
[9, 7, 15]
