[15, 6, 14]
[7, 17, 9]
[9, 11, 4]
[6, 13, 7]
[7, 5, 11]
[3, 9, 8]
[5, 11, 8]
[4, 10, 7]
[11, 7, 13]
[5, 4, 14]
[7, 9, 5]
[9, 4, 13]
[8, 3, 9]
[8, 6, 9]
[10, 17, 16]
[4, 7, 10]
[3, 8, 5]
[7, 5, 4]
[7, 13, 6]
[10, 6, 5]
[10, 7, 4]
[5, 4, 12]
[6, 7, 13]
[5, 4, 7]
[3, 6, 5]
[13, 6, 7]
[4, 5, 7]
[20, 6, 11]
[6, 5, 10]
[5, 7, 4]
[10, 5, 6]
[5, 6, 3]
[7, 4, 5]
[6, 10, 5]
[4, 5, 12]
[8, 9, 6]
[9, 6, 8]
[4, 11, 14]
[9, 8, 3]
[4, 7, 5]
[2, 6, 3]
[9, 8, 6]
[5, 6, 10]
[9, 4, 11]
[9, 7, 5]
[6, 9, 8]
[4, 11, 9]
[13, 7, 6]
[6, 14, 15]
[11, 9, 4]
[11, 14, 4]
[11, 5, 8]
[14, 15, 6]
[13, 7, 11]
[6, 5, 3]
[7, 6, 13]
[3, 12, 10]
[5, 7, 11]
[8, 5, 11]
[10, 4, 7]
[16, 10, 17]
[5, 15, 9]
[7, 5, 9]
[6, 8, 9]
[5, 9, 7]
[5, 13, 7]
[17, 16, 10]
[5, 8, 3]
[8, 9, 3]
[5, 7, 9]
[5, 12, 14]
[7, 13, 11]
[4, 9, 11]
[4, 13, 7]
[3, 8, 9]
[6, 13, 5]
[5, 3, 6]
[3, 5, 6]
[11, 7, 5]
[13, 11, 7]
[19, 7, 9]
[9, 3, 8]
[3, 8, 12]
[16, 12, 5]
[5, 11, 7]
[10, 3, 12]
[14, 12, 5]
[8, 3, 5]
[7, 9, 15]
[5, 10, 6]
[4, 14, 11]
[7, 9, 17]
[13, 4, 9]
[17, 13, 5]
[7, 4, 10]
[7, 3, 11]
[12, 4, 5]
[7, 10, 4]
[7, 5, 18]
[11, 7, 3]
[11, 9, 21]
[11, 4, 14]
[6, 2, 3]
[9, 5, 7]
[6, 20, 11]
[17, 7, 9]
[8, 11, 5]
[11, 21, 9]
[5, 3, 8]
[21, 11, 9]
[6, 15, 14]
[11, 4, 9]
[15, 5, 9]
[3, 10, 12]
[6, 3, 5]
[7, 11, 13]
[16, 5, 7]
[12, 5, 14]
[5, 14, 4]
[11, 3, 5]
[14, 6, 15]
[15, 7, 9]
[7, 11, 5]
[5, 8, 11]
[14, 4, 15]
[16, 17, 10]
[15, 9, 7]
[5, 19, 6]
[11, 8, 5]
[11, 5, 18]
[7, 13, 5]
[15, 14, 6]
[7, 5, 13]
[11, 13, 7]
[5, 7, 16]
[17, 10, 16]
[18, 5, 11]
[7, 4, 13]
[19, 6, 5]
[6, 3, 2]
[12, 10, 3]
[11, 6, 20]
[8, 5, 3]
[5, 17, 13]
[13, 6, 5]
[14, 4, 5]
[4, 14, 5]
[16, 7, 5]
[3, 5, 8]
[17, 9, 7]
[7, 19, 9]
[3, 5, 11]
[4, 7, 13]
[5, 6, 13]
[15, 14, 4]
[15, 4, 14]
[7, 5, 16]
[12, 5, 16]
[5, 12, 16]
[4, 12, 5]
[17, 5, 13]
[13, 4, 7]
[4, 5, 14]
[20, 11, 6]
[9, 5, 15]
[9, 7, 15]
[5, 9, 15]
[14, 4, 11]
[14, 5, 12]
[11, 5, 7]
[9, 15, 7]
[5, 9, 18]
[3, 6, 2]
[10, 16, 17]
[12, 14, 5]
[3, 2, 6]
[18, 5, 7]
[4, 13, 9]
[5, 12, 4]
[14, 11, 4]
[5, 11, 18]
[2, 3, 6]
[5, 11, 3]
[15, 9, 5]
[13, 7, 5]
[24, 7, 6]
[12, 3, 10]
[5, 14, 12]
[6, 5, 19]
[8, 12, 3]
[13, 5, 6]
[6, 5, 13]
[4, 14, 15]
[19, 9, 7]
[5, 18, 7]
[7, 15, 9]
[13, 5, 17]
[7, 9, 19]
[9, 15, 5]
[9, 7, 17]
[19, 5, 6]
[13, 9, 4]
[18, 11, 5]
[11, 23, 8]
[8, 23, 11]
[21, 9, 11]
[9, 17, 7]
[5, 13, 6]
[8, 11, 23]
[23, 8, 11]
[3, 7, 11]
[14, 15, 4]
[14, 5, 4]
[13, 5, 7]
[6, 11, 20]
[10, 12, 3]
[12, 5, 4]
