[18, 8, 18, 11, 24, 13, 17, 18]
[4, 6, 9, 8, 8, 7, 13, 5]
[15, 14, 6, 12, 9, 5, 12, 8]
[9, 6, 8, 4, 3, 10, 9, 8]
[6, 9, 4, 10, 8, 3, 9, 8]
[7, 12, 8, 14, 13, 6, 13, 14]
[8, 15, 12, 12, 11, 9, 9, 13]
[8, 13, 11, 9, 12, 11, 6, 11]
[8, 6, 5, 4, 11, 9, 10, 15]
[6, 5, 7, 4, 10, 8, 8, 7]
[10, 6, 7, 10, 13, 5, 9, 13]
[16, 7, 9, 7, 13, 10, 8, 15]
[13, 15, 9, 5, 6, 12, 18, 13]
[23, 8, 9, 16, 21, 25, 13, 19]
[7, 10, 12, 8, 9, 6, 10, 5]
[4, 6, 12, 13, 10, 7, 7, 7]
[6, 9, 10, 7, 5, 3, 5, 8]
[13, 15, 5, 11, 15, 14, 13, 6]
[8, 9, 11, 7, 11, 9, 5, 14]
[7, 10, 7, 5, 13, 12, 12, 9]
[14, 12, 10, 11, 13, 11, 5, 12]
[14, 6, 15, 14, 11, 8, 7, 11]
[7, 4, 9, 8, 10, 13, 9, 7]
[11, 9, 11, 14, 9, 13, 7, 8]
[27, 21, 19, 24, 29, 20, 15, 33]
[10, 10, 10, 7, 8, 3, 9, 4]
[2, 7, 8, 7, 3, 7, 3, 8]
[8, 10, 3, 7, 6, 9, 11, 5]
[7, 7, 6, 3, 5, 4, 6, 7]
[5, 3, 7, 7, 5, 8, 8, 7]
[10, 8, 12, 17, 14, 5, 7, 15]
[18, 14, 8, 9, 6, 16, 18, 15]
[4, 6, 6, 9, 7, 9, 7, 8]
[4, 6, 8, 8, 9, 8, 7, 9]
[7, 4, 6, 9, 5, 8, 3, 6]
[14, 9, 9, 13, 13, 10, 7, 14]
[20, 10, 19, 20, 18, 19, 12, 13]
[23, 23, 12, 14, 11, 10, 20, 8]
[9, 18, 13, 17, 14, 13, 8, 6]
[8, 13, 7, 6, 17, 11, 13, 10]
[8, 9, 9, 7, 7, 8, 9, 3]
[7, 4, 5, 10, 7, 8, 9, 12]
[15, 16, 15, 4, 5, 8, 7, 17]
[8, 4, 4, 3, 5, 10, 7, 6]
[15, 12, 16, 14, 11, 10, 17, 15]
[6, 8, 11, 14, 13, 12, 8, 9]
[12, 9, 12, 12, 11, 12, 7, 5]
[9, 7, 11, 15, 5, 10, 9, 12]
[5, 6, 9, 3, 4, 5, 8, 8]
[9, 6, 10, 4, 3, 8, 9, 8]
[14, 13, 11, 9, 9, 8, 6, 5]
[16, 11, 12, 18, 27, 28, 16, 27]
[20, 22, 19, 18, 23, 21, 19, 14]
[15, 19, 9, 14, 10, 11, 21, 19]
[31, 22, 27, 26, 25, 28, 16, 23]
[15, 7, 14, 17, 10, 11, 14, 5]
[18, 10, 6, 14, 13, 7, 16, 6]
[7, 4, 8, 8, 9, 10, 5, 6]
[15, 17, 15, 13, 14, 5, 6, 15]
[16, 8, 12, 12, 5, 9, 14, 19]
[27, 16, 17, 18, 18, 21, 26, 21]
[4, 10, 7, 6, 6, 12, 7, 8]
[15, 8, 11, 10, 18, 10, 11, 7]
[13, 15, 7, 9, 8, 5, 9, 12]
[7, 6, 6, 4, 9, 8, 8, 6]
[11, 8, 7, 4, 5, 7, 6, 8]
[11, 4, 11, 9, 11, 7, 6, 11]
[8, 2, 5, 8, 6, 5, 7, 6]
[34, 13, 17, 37, 18, 37, 16, 37]
[13, 15, 8, 11, 11, 4, 10, 7]
[5, 3, 6, 5, 4, 8, 6, 7]
[7, 24, 9, 11, 21, 20, 24, 31]
[7, 8, 6, 4, 6, 9, 6, 6]
[21, 22, 16, 7, 8, 9, 21, 11]
[7, 6, 6, 4, 7, 8, 8, 8]
[9, 6, 9, 5, 13, 14, 9, 7]
[11, 21, 17, 18, 14, 7, 8, 22]
[14, 15, 15, 13, 7, 12, 8, 11]
[4, 8, 8, 5, 7, 12, 6, 12]
[6, 10, 5, 8, 10, 8, 12, 4]
[9, 10, 12, 5, 8, 9, 13, 9]
[5, 7, 9, 6, 8, 9, 6, 4]
[11, 9, 16, 11, 12, 8, 13, 9]
[8, 13, 9, 10, 16, 5, 19, 16]
[13, 13, 9, 4, 5, 9, 11, 13]
[13, 13, 5, 9, 6, 11, 9, 13]
[11, 10, 10, 8, 6, 12, 9, 11]
[13, 4, 9, 10, 13, 12, 11, 8]
[12, 16, 17, 8, 19, 17, 7, 19]
[9, 6, 5, 7, 7, 8, 7, 4]
[5, 9, 5, 7, 4, 10, 3, 8]
[12, 11, 9, 12, 17, 8, 25, 25]
[5, 7, 8, 9, 4, 9, 15, 13]
[4, 3, 10, 10, 4, 5, 9, 11]
[10, 12, 8, 3, 7, 5, 12, 7]
[9, 6, 8, 12, 10, 15, 10, 12]
[4, 6, 6, 9, 9, 8, 7, 9]
[16, 8, 7, 8, 24, 21, 11, 17]
[15, 11, 6, 15, 13, 15, 8, 10]
[12, 5, 13, 6, 8, 7, 7, 9]
[6, 13, 11, 9, 17, 13, 16, 7]
[14, 10, 16, 14, 16, 18, 8, 11]
[13, 5, 8, 12, 8, 10, 7, 9]
[19, 16, 11, 15, 10, 17, 19, 21]
[13, 9, 8, 11, 6, 7, 7, 15]
[13, 10, 9, 16, 7, 13, 15, 8]
[19, 12, 15, 9, 10, 13, 20, 15]
[15, 12, 6, 10, 12, 7, 14, 14]
[9, 3, 9, 6, 10, 4, 10, 11]
[6, 7, 8, 6, 2, 6, 4, 7]
[11, 12, 12, 15, 13, 15, 9, 17]
[7, 5, 6, 3, 6, 4, 9, 8]
[5, 10, 10, 9, 12, 14, 12, 8]
[9, 8, 9, 7, 8, 5, 7, 9]
[12, 7, 10, 7, 8, 10, 6, 10]
[13, 10, 6, 10, 9, 12, 8, 9]
[7, 5, 10, 8, 10, 9, 4, 5]
[8, 12, 5, 9, 11, 9, 6, 10]
[4, 9, 6, 7, 9, 5, 5, 7]
[3, 6, 8, 6, 5, 6, 8, 7]
[9, 12, 14, 10, 7, 8, 13, 9]
[17, 15, 8, 6, 7, 11, 10, 6]
[13, 12, 13, 6, 17, 19, 11, 14]
[10, 3, 7, 5, 6, 9, 9, 7]
[10, 18, 15, 14, 23, 9, 15, 8]
[8, 9, 7, 4, 7, 9, 9, 8]
[12, 8, 8, 7, 11, 5, 6, 8]
[9, 9, 3, 4, 8, 6, 4, 7]
[14, 27, 15, 38, 13, 34, 11, 18]
[13, 7, 15, 14, 12, 5, 6, 10]
[4, 7, 11, 7, 8, 7, 9, 9]
[6, 2, 5, 4, 6, 6, 3, 4]
[15, 7, 8, 9, 11, 8, 6, 13]
[12, 7, 13, 11, 9, 11, 6, 8]
[5, 10, 7, 10, 8, 6, 9, 12]
[3, 1, 3, 3, 1, 4, 3, 3]
[12, 11, 12, 9, 12, 15, 12, 5]
[12, 10, 8, 8, 5, 3, 7, 7]
[5, 6, 8, 4, 10, 7, 8, 8]
[10, 12, 11, 8, 13, 5, 7, 6]
[15, 13, 16, 11, 14, 10, 17, 11]
[4, 9, 6, 11, 6, 9, 5, 9]
[6, 7, 8, 4, 6, 3, 5, 7]
[6, 3, 4, 8, 5, 7, 9, 6]
[13, 8, 10, 7, 11, 13, 5, 9]
[12, 7, 15, 9, 13, 8, 15, 17]
[11, 6, 4, 12, 5, 6, 10, 13]
[9, 8, 5, 8, 4, 15, 6, 9]
[10, 14, 11, 16, 14, 21, 8, 9]
[27, 41, 23, 22, 47, 45, 40, 26]
[4, 11, 8, 7, 10, 5, 7, 9]
[8, 10, 11, 5, 10, 4, 4, 7]
[4, 10, 12, 7, 12, 7, 6, 13]
[10, 8, 6, 4, 6, 10, 5, 5]
[13, 7, 11, 16, 11, 6, 12, 9]
[7, 9, 8, 5, 4, 9, 12, 7]
[7, 3, 6, 6, 7, 5, 5, 6]
[25, 16, 21, 12, 16, 9, 20, 10]
[9, 11, 7, 5, 4, 11, 7, 9]
[15, 18, 6, 11, 9, 7, 16, 19]
[9, 7, 17, 15, 6, 10, 11, 5]
[5, 12, 9, 8, 8, 10, 13, 14]
[14, 14, 11, 10, 4, 12, 12, 12]
[12, 14, 13, 9, 8, 13, 7, 14]
[6, 10, 12, 10, 7, 4, 11, 5]
[5, 7, 9, 4, 8, 7, 4, 5]
[8, 6, 4, 8, 8, 5, 5, 9]
[15, 22, 12, 14, 11, 12, 9, 16]
[7, 3, 5, 8, 4, 5, 8, 7]
[6, 11, 7, 9, 11, 10, 5, 7]
[22, 21, 22, 20, 16, 19, 29, 21]
[15, 9, 15, 12, 10, 14, 16, 15]
[4, 9, 9, 3, 6, 10, 7, 8]
[9, 6, 17, 5, 22, 17, 7, 16]
[8, 7, 6, 4, 8, 6, 9, 3]
[7, 6, 11, 8, 9, 7, 5, 7]
[7, 10, 5, 3, 9, 8, 8, 4]
[21, 8, 15, 21, 14, 10, 21, 7]
[12, 17, 19, 11, 10, 15, 23, 21]
[4, 5, 6, 6, 6, 5, 6, 2]
[26, 13, 9, 23, 15, 22, 26, 12]
[13, 9, 9, 12, 6, 4, 12, 7]
[13, 13, 10, 13, 11, 4, 8, 7]
[18, 16, 8, 16, 16, 12, 9, 10]
[12, 13, 5, 8, 4, 5, 6, 11]
[7, 15, 14, 13, 4, 6, 12, 13]
[4, 7, 6, 12, 12, 7, 15, 10]
[10, 8, 7, 6, 8, 6, 5, 4]
[14, 12, 6, 5, 7, 12, 10, 6]
[7, 4, 10, 5, 11, 6, 10, 7]
[6, 3, 5, 6, 7, 7, 6, 7]
[11, 9, 7, 10, 6, 7, 11, 9]
[11, 7, 4, 6, 10, 11, 6, 11]
[10, 11, 10, 9, 7, 5, 3, 7]
[7, 26, 16, 23, 15, 16, 22, 18]
[13, 8, 14, 7, 10, 13, 10, 9]
[16, 12, 8, 10, 20, 11, 7, 15]
[9, 6, 7, 7, 4, 6, 6, 7]
[9, 13, 11, 4, 13, 11, 8, 11]
[7, 6, 6, 3, 11, 10, 9, 9]
[5, 4, 8, 6, 8, 15, 6, 11]
[14, 9, 5, 12, 10, 4, 12, 11]
[13, 15, 11, 6, 6, 10, 15, 5]
[7, 16, 13, 10, 15, 9, 8, 13]
[6, 7, 8, 13, 9, 13, 10, 11]
[10, 7, 6, 5, 10, 8, 10, 12]
[6, 8, 13, 7, 16, 15, 11, 17]
[7, 10, 4, 13, 9, 8, 11, 6]
[14, 13, 9, 7, 11, 4, 10, 15]
[10, 8, 10, 5, 11, 6, 4, 5]
[4, 5, 6, 9, 7, 8, 11, 10]
[2, 8, 5, 5, 5, 3, 6, 6]
[11, 9, 7, 8, 9, 7, 17, 9]
[3, 8, 9, 7, 8, 8, 5, 6]
[15, 17, 7, 6, 5, 10, 15, 13]
[9, 10, 13, 9, 11, 8, 5, 9]
[18, 17, 7, 9, 18, 22, 9, 14]
[7, 6, 7, 7, 3, 8, 3, 2]
[15, 18, 9, 15, 20, 19, 10, 16]
[17, 11, 14, 8, 7, 6, 17, 11]
[16, 24, 35, 18, 19, 40, 25, 21]
[12, 5, 4, 9, 11, 12, 7, 7]
[14, 5, 11, 11, 11, 10, 7, 14]
[6, 8, 6, 10, 3, 11, 5, 4]
[13, 6, 13, 13, 13, 6, 5, 9]
[11, 8, 7, 3, 10, 4, 7, 8]
[14, 12, 12, 6, 5, 11, 14, 4]
[5, 11, 6, 9, 7, 12, 10, 12]
[20, 21, 20, 7, 13, 20, 11, 12]
[10, 17, 14, 10, 14, 11, 13, 18]
[9, 10, 10, 12, 5, 13, 17, 11]
[9, 8, 7, 4, 7, 9, 9, 8]
[14, 13, 11, 14, 9, 11, 11, 8]
[16, 21, 22, 19, 19, 17, 15, 13]
[8, 9, 19, 18, 6, 12, 13, 16]
[14, 15, 6, 8, 6, 5, 9, 5]
[11, 10, 9, 10, 12, 11, 9, 4]
[16, 15, 17, 10, 12, 15, 7, 6]
[6, 11, 9, 5, 10, 9, 7, 10]
[18, 12, 16, 11, 13, 9, 6, 13]
[7, 5, 14, 15, 8, 14, 6, 14]
[8, 8, 9, 3, 9, 5, 7, 7]
[13, 19, 24, 18, 9, 24, 19, 7]
[6, 10, 6, 12, 10, 12, 8, 7]
[3, 6, 8, 4, 8, 7, 10, 5]
[13, 7, 11, 6, 17, 17, 14, 5]
[9, 12, 6, 10, 13, 7, 11, 12]
[13, 7, 14, 15, 5, 10, 6, 12]
[14, 11, 7, 18, 10, 21, 6, 20]
[8, 4, 8, 8, 11, 6, 7, 8]
[6, 8, 9, 8, 11, 4, 5, 10]
[6, 4, 3, 9, 5, 6, 12, 6]
[9, 17, 10, 21, 7, 18, 16, 19]
[4, 6, 9, 4, 5, 10, 5, 10]
[6, 3, 5, 6, 9, 7, 6, 7]
[13, 10, 6, 13, 15, 14, 8, 7]
[11, 7, 4, 11, 5, 6, 6, 10]
[7, 8, 10, 8, 12, 15, 9, 10]
[9, 10, 14, 13, 5, 10, 11, 11]
[11, 10, 12, 9, 8, 13, 7, 11]
[9, 12, 10, 6, 22, 17, 7, 21]
[4, 13, 12, 7, 9, 10, 13, 13]
[10, 13, 7, 9, 11, 12, 9, 12]
[15, 12, 11, 13, 9, 14, 8, 17]
[3, 9, 9, 12, 11, 6, 8, 4]
[7, 12, 14, 15, 8, 9, 13, 5]
[11, 4, 9, 9, 9, 8, 10, 10]
[9, 8, 15, 13, 16, 21, 15, 7]
[7, 8, 15, 10, 20, 19, 17, 8]
[19, 10, 27, 9, 21, 23, 26, 13]
[10, 12, 13, 12, 7, 8, 5, 9]
[23, 24, 26, 22, 24, 27, 35, 29]
[5, 2, 5, 2, 7, 6, 2, 3]
[8, 18, 14, 7, 10, 17, 10, 9]
[15, 13, 4, 12, 11, 5, 12, 10]
[10, 7, 12, 6, 8, 13, 10, 14]
[15, 9, 6, 5, 10, 8, 9, 12]
[8, 4, 6, 7, 6, 4, 9, 5]
[9, 4, 6, 6, 7, 9, 6, 10]
[13, 11, 8, 11, 9, 8, 9, 5]
[12, 10, 9, 7, 5, 4, 7, 9]
[4, 5, 5, 7, 7, 6, 6, 4]
[10, 11, 6, 4, 10, 10, 12, 9]
[15, 5, 6, 14, 12, 7, 10, 15]
[9, 11, 15, 19, 15, 18, 11, 16]
[20, 19, 15, 16, 9, 15, 8, 13]
[22, 23, 16, 18, 13, 16, 18, 17]
[4, 5, 8, 10, 10, 9, 11, 3]
[7, 4, 9, 5, 13, 12, 6, 6]
[16, 9, 7, 12, 18, 8, 19, 17]
[3, 8, 9, 3, 9, 10, 4, 10]
[7, 4, 10, 10, 12, 9, 10, 10]
[17, 18, 12, 8, 6, 9, 17, 7]
[8, 5, 9, 5, 8, 7, 10, 4]
[12, 7, 9, 11, 10, 13, 16, 19]
[8, 8, 8, 6, 7, 3, 5, 4]
[12, 10, 9, 13, 8, 13, 6, 5]
[6, 11, 18, 13, 13, 15, 8, 9]
[17, 10, 15, 15, 19, 11, 13, 18]
[3, 6, 4, 5, 7, 7, 8, 7]
[11, 11, 5, 3, 9, 11, 5, 7]
[12, 8, 5, 9, 9, 12, 6, 9]
[16, 7, 8, 11, 12, 11, 16, 13]
[6, 9, 7, 11, 16, 8, 13, 16]
[14, 12, 4, 6, 13, 9, 9, 8]
[10, 5, 13, 7, 12, 11, 6, 13]
[21, 10, 15, 21, 15, 9, 9, 21]
[21, 15, 20, 10, 19, 11, 24, 8]
[9, 11, 12, 5, 9, 8, 7, 12]
[6, 10, 4, 9, 8, 11, 5, 11]
[3, 7, 7, 6, 6, 7, 5, 4]
[13, 12, 10, 12, 17, 8, 14, 18]
[9, 7, 5, 6, 4, 8, 8, 9]
[11, 9, 10, 4, 10, 11, 11, 8]
[7, 12, 10, 9, 13, 9, 10, 9]
[7, 16, 6, 14, 15, 19, 11, 15]
[11, 10, 4, 6, 7, 6, 11, 8]
[13, 9, 5, 10, 8, 9, 11, 7]
[17, 12, 9, 11, 14, 13, 7, 15]
[9, 12, 12, 6, 9, 8, 5, 7]
[7, 6, 10, 3, 8, 7, 9, 10]
[11, 7, 14, 12, 6, 7, 8, 11]
[13, 8, 9, 15, 25, 19, 17, 21]
[4, 9, 10, 11, 5, 7, 11, 9]
[18, 10, 29, 29, 9, 16, 17, 12]
[13, 10, 6, 8, 11, 9, 11, 4]
[15, 9, 4, 10, 9, 6, 14, 13]
[5, 13, 7, 11, 11, 6, 13, 11]
[16, 20, 23, 15, 22, 7, 18, 6]
[7, 8, 10, 6, 6, 12, 10, 5]
[6, 4, 3, 7, 9, 7, 9, 5]
[14, 6, 5, 8, 13, 10, 14, 7]
[12, 11, 12, 5, 10, 14, 16, 14]
[19, 21, 8, 12, 14, 9, 19, 17]
[14, 15, 10, 19, 19, 11, 19, 8]
[10, 30, 25, 24, 12, 9, 17, 16]
[6, 10, 10, 15, 7, 12, 5, 13]
[12, 6, 15, 10, 14, 8, 16, 13]
[8, 7, 10, 5, 6, 12, 10, 12]
[9, 7, 5, 11, 11, 15, 11, 11]
[5, 6, 6, 3, 6, 7, 4, 7]
[3, 6, 5, 7, 7, 8, 5, 6]
[7, 3, 6, 5, 7, 4, 8, 5]
[13, 15, 8, 9, 8, 5, 13, 6]
[30, 19, 33, 11, 17, 30, 18, 26]
[8, 23, 15, 21, 21, 22, 9, 24]
[6, 5, 11, 9, 13, 15, 13, 9]
[11, 8, 9, 15, 12, 5, 14, 13]
[3, 8, 4, 5, 7, 4, 8, 7]
[9, 15, 11, 4, 7, 8, 10, 12]
[6, 11, 8, 13, 10, 12, 5, 7]
[7, 9, 4, 7, 5, 6, 6, 9]
[7, 2, 4, 7, 5, 6, 6, 6]
[17, 8, 13, 17, 13, 6, 9, 19]
[8, 6, 11, 8, 13, 5, 9, 13]
[8, 11, 13, 11, 14, 6, 5, 15]
[7, 13, 9, 14, 5, 8, 13, 6]
[7, 3, 5, 2, 4, 5, 6, 4]
[12, 11, 10, 6, 7, 8, 4, 9]
[8, 5, 10, 9, 12, 8, 17, 16]
[5, 11, 7, 9, 5, 7, 3, 7]
[19, 14, 8, 20, 9, 10, 28, 15]
[8, 3, 10, 5, 5, 4, 9, 8]
[7, 6, 10, 8, 11, 21, 15, 14]
[11, 28, 19, 23, 10, 13, 27, 27]
[6, 3, 7, 8, 8, 9, 9, 5]
[12, 11, 9, 4, 11, 12, 12, 9]
[16, 10, 13, 7, 9, 6, 10, 10]
[8, 9, 8, 6, 8, 5, 6, 4]
[11, 10, 12, 4, 12, 13, 8, 5]
[10, 9, 9, 13, 11, 8, 5, 9]
[9, 7, 15, 14, 16, 6, 14, 10]
[7, 4, 13, 5, 6, 7, 9, 5]
[6, 9, 7, 11, 12, 24, 19, 17]
[9, 4, 14, 14, 7, 11, 6, 13]
[8, 4, 3, 4, 7, 5, 8, 7]
[5, 9, 12, 7, 11, 9, 6, 7]
[13, 12, 11, 13, 16, 18, 7, 8]
[13, 14, 12, 14, 12, 11, 9, 13]
[8, 9, 10, 15, 6, 12, 13, 9]
[5, 6, 11, 13, 6, 10, 11, 12]
[10, 7, 10, 8, 3, 4, 10, 9]
[11, 12, 12, 7, 10, 11, 16, 23]
[13, 10, 9, 4, 7, 9, 10, 8]
[5, 3, 2, 7, 10, 6, 5, 7]
[11, 10, 9, 4, 7, 8, 11, 9]
[4, 8, 6, 6, 4, 3, 7, 6]
[13, 16, 24, 20, 19, 21, 15, 11]
[17, 14, 10, 18, 21, 20, 17, 9]
[7, 5, 9, 13, 4, 8, 11, 9]
[10, 13, 15, 9, 8, 15, 14, 16]
[8, 11, 10, 15, 12, 6, 18, 16]
[9, 6, 14, 10, 13, 7, 10, 14]
[4, 5, 3, 10, 12, 16, 11, 13]
[10, 8, 5, 8, 3, 10, 6, 4]
[36, 14, 11, 14, 37, 37, 24, 27]
[4, 5, 6, 8, 6, 5, 9, 8]
[13, 10, 21, 11, 8, 17, 14, 18]
[8, 10, 10, 11, 12, 13, 9, 5]
[6, 12, 6, 12, 11, 12, 5, 4]
[10, 10, 9, 8, 5, 7, 7, 9]
[4, 3, 8, 8, 3, 4, 6, 7]
[9, 4, 6, 3, 4, 8, 8, 9]
[5, 11, 5, 4, 6, 12, 9, 12]
[8, 7, 21, 21, 14, 24, 10, 13]
[3, 7, 5, 5, 4, 2, 4, 6]
[18, 6, 17, 15, 24, 7, 24, 24]
[12, 7, 7, 9, 10, 9, 4, 8]
[7, 6, 7, 10, 9, 3, 12, 7]
[7, 6, 15, 13, 8, 11, 13, 13]
[8, 10, 15, 9, 5, 12, 11, 14]
[5, 8, 6, 8, 9, 8, 4, 6]
[10, 17, 19, 11, 19, 18, 19, 13]
[13, 14, 19, 12, 14, 20, 16, 9]
[4, 5, 5, 7, 2, 9, 7, 6]
[12, 11, 11, 11, 7, 11, 10, 4]
[3, 10, 5, 9, 5, 6, 4, 8]
[15, 10, 13, 11, 6, 10, 13, 5]
[9, 10, 5, 7, 10, 7, 12, 11]
[9, 6, 11, 6, 9, 4, 11, 5]
[3, 7, 5, 7, 7, 6, 5, 5]
[12, 13, 8, 11, 10, 14, 7, 11]
[3, 5, 9, 5, 7, 11, 8, 8]
[7, 10, 13, 15, 13, 14, 11, 11]
[8, 9, 11, 6, 13, 4, 5, 9]
[7, 11, 13, 5, 4, 14, 11, 8]
[10, 11, 17, 18, 19, 18, 7, 17]
[10, 7, 7, 5, 4, 5, 7, 8]
[7, 6, 9, 7, 4, 5, 9, 7]
[12, 11, 12, 7, 10, 11, 12, 16]
[6, 16, 10, 7, 18, 18, 17, 22]
[7, 6, 6, 9, 8, 9, 7, 10]
[11, 12, 12, 6, 6, 12, 4, 5]
[7, 13, 15, 11, 15, 18, 14, 10]
[7, 8, 4, 7, 9, 8, 5, 8]
[7, 18, 8, 17, 6, 19, 13, 19]
[7, 6, 5, 9, 10, 4, 11, 7]
[5, 11, 11, 6, 4, 5, 13, 7]
[7, 8, 8, 4, 3, 6, 6, 7]
[13, 11, 9, 12, 6, 4, 8, 8]
[7, 9, 5, 6, 9, 4, 5, 10]
[9, 10, 7, 13, 13, 12, 9, 10]
[8, 5, 12, 5, 12, 10, 11, 6]
[12, 8, 5, 11, 8, 11, 6, 10]
[15, 27, 14, 25, 34, 20, 29, 19]
[8, 7, 3, 8, 10, 10, 6, 10]
[4, 7, 5, 10, 7, 10, 8, 9]
[7, 10, 12, 12, 13, 12, 14, 5]
[27, 26, 22, 44, 31, 53, 29, 30]
[6, 10, 9, 14, 15, 9, 9, 11]
[6, 12, 11, 10, 4, 6, 9, 13]
[22, 21, 16, 14, 12, 11, 9, 17]
[18, 8, 13, 16, 18, 19, 21, 7]
[6, 8, 12, 9, 8, 18, 7, 10]
[17, 16, 21, 21, 10, 13, 11, 13]
[10, 11, 21, 7, 21, 8, 23, 20]
[23, 16, 10, 15, 12, 11, 12, 18]
[9, 7, 5, 10, 15, 16, 6, 6]
[12, 8, 11, 6, 7, 8, 14, 13]
[7, 10, 8, 11, 3, 14, 8, 9]
[6, 5, 6, 13, 4, 7, 9, 7]
[11, 15, 14, 17, 16, 14, 19, 15]
[23, 13, 10, 17, 14, 26, 12, 26]
[5, 7, 6, 8, 4, 3, 4, 6]
[9, 8, 11, 10, 7, 8, 4, 5]
[23, 18, 16, 7, 9, 10, 20, 21]
[13, 16, 8, 15, 9, 14, 7, 5]
[25, 12, 12, 17, 11, 21, 25, 8]
[21, 14, 8, 16, 18, 11, 12, 20]
[16, 9, 25, 29, 30, 10, 12, 17]
[7, 5, 7, 4, 10, 9, 6, 3]
[21, 12, 15, 25, 27, 23, 22, 11]
[13, 14, 14, 12, 11, 5, 16, 6]
[7, 6, 11, 14, 11, 5, 7, 10]
[7, 8, 10, 8, 4, 10, 10, 5]
[12, 11, 10, 8, 14, 8, 14, 7]
[8, 7, 11, 9, 13, 8, 5, 12]
[12, 20, 14, 15, 13, 19, 16, 10]
[12, 9, 7, 6, 7, 9, 15, 4]
[7, 15, 8, 11, 7, 5, 12, 13]
[12, 9, 5, 8, 11, 6, 6, 12]
[11, 12, 13, 8, 6, 12, 13, 11]
[8, 7, 10, 5, 9, 8, 10, 12]
[19, 15, 22, 24, 21, 14, 17, 13]
[7, 10, 4, 6, 10, 11, 11, 11]
[12, 11, 12, 15, 11, 9, 15, 13]
[11, 4, 6, 12, 14, 15, 16, 7]
[11, 5, 10, 8, 9, 15, 14, 13]
[6, 9, 18, 11, 7, 14, 13, 15]
[6, 8, 7, 7, 4, 8, 6, 5]
[11, 18, 9, 16, 13, 14, 8, 18]
[12, 7, 18, 17, 15, 8, 10, 16]
[6, 7, 9, 11, 11, 8, 12, 11]
[7, 9, 5, 6, 11, 9, 6, 7]
[9, 10, 9, 4, 10, 13, 13, 8]
[9, 11, 7, 11, 7, 8, 13, 9]
[20, 19, 15, 17, 10, 11, 7, 18]
[9, 4, 8, 7, 8, 10, 7, 6]
[7, 5, 9, 5, 8, 3, 7, 6]
[9, 8, 8, 5, 7, 5, 6, 4]
